Search steps:
0: ((6, 4, 3), (2, 5, 1), (7, 9, 8))
1: ((6, 4, 3), (2, 5, 1), (7, 8, 9))
2: ((6, 4, 3), (5, 2, 1), (7, 9, 8))
3: ((6, 4, 3), (5, 2, 1), (7, 8, 9))
4: ((6, 2, 3), (5, 4, 1), (7, 9, 8))
5: ((6, 5, 3), (2, 4, 1), (7, 9, 8))
6: ((6, 5, 3), (4, 2, 1), (7, 9, 8))
7: ((6, 5, 3), (2, 4, 1), (7, 8, 9))
8: ((6, 2, 3), (4, 5, 1), (7, 9, 8))
9: ((6, 4, 1), (2, 5, 3), (7, 9, 8))
10: ((6, 4, 1), (2, 5, 3), (7, 8, 9))
11: ((6, 5, 3), (4, 2, 1), (7, 8, 9))
12: ((6, 2, 3), (5, 4, 1), (7, 8, 9))
13: ((6, 4, 3), (2, 8, 1), (7, 5, 9))
14: ((6, 4, 1), (5, 2, 3), (7, 9, 8))
15: ((6, 4, 1), (5, 2, 3), (7, 8, 9))
16: ((6, 2, 3), (4, 5, 1), (7, 8, 9))
17: ((6, 5, 1), (2, 4, 3), (7, 9, 8))
18: ((6, 5, 1), (4, 2, 3), (7, 9, 8))
19: ((6, 5, 1), (2, 4, 3), (7, 8, 9))
20: ((6, 4, 3), (2, 9, 1), (7, 5, 8))
21: ((6, 4, 3), (2, 9, 1), (7, 8, 5))
22: ((6, 2, 1), (5, 4, 3), (7, 9, 8))
23: ((6, 4, 3), (2, 1, 5), (7, 9, 8))
24: ((6, 4, 3), (2, 1, 5), (7, 8, 9))
25: ((6, 4, 3), (1, 2, 5), (7, 9, 8))
26: ((6, 1, 3), (2, 4, 5), (7, 9, 8))
27: ((6, 1, 3), (4, 2, 5), (7, 9, 8))
28: ((6, 4, 3), (1, 2, 5), (7, 8, 9))
29: ((6, 1, 3), (2, 4, 5), (7, 8, 9))
30: ((6, 2, 1), (4, 5, 3), (7, 9, 8))
31: ((6, 2, 3), (1, 4, 5), (7, 9, 8))
32: ((6, 4, 3), (2, 5, 1), (8, 7, 9))
33: ((6, 4, 1), (2, 9, 3), (7, 5, 8))
34: ((6, 4, 5), (2, 1, 3), (7, 9, 8))
35: ((6, 4, 5), (2, 1, 3), (7, 8, 9))
36: ((6, 4, 3), (2, 5, 1), (9, 7, 8))
37: ((6, 4, 3), (5, 2, 1), (9, 7, 8))
38: ((6, 5, 3), (2, 4, 1), (9, 7, 8))
39: ((6, 5, 3), (4, 2, 1), (9, 7, 8))
40: ((6, 2, 3), (5, 4, 1), (9, 7, 8))
41: ((6, 2, 3), (4, 5, 1), (9, 7, 8))
42: ((6, 4, 1), (2, 5, 3), (9, 7, 8))
43: ((6, 4, 3), (2, 5, 1), (9, 8, 7))
44: ((6, 4, 3), (7, 5, 1), (2, 9, 8))
45: ((6, 4, 3), (7, 5, 1), (2, 8, 9))
46: ((6, 5, 3), (7, 4, 1), (2, 9, 8))
47: ((6, 5, 3), (7, 4, 1), (2, 8, 9))
48: ((6, 4, 1), (7, 5, 3), (2, 9, 8))
49: ((6, 4, 1), (7, 5, 3), (2, 8, 9))
50: ((6, 4, 3), (7, 2, 1), (5, 9, 8))
51: ((6, 4, 3), (7, 2, 1), (5, 8, 9))
52: ((6, 2, 3), (7, 4, 1), (5, 9, 8))
53: ((6, 4, 3), (2, 9, 1), (5, 7, 8))
54: ((4, 6, 3), (2, 5, 1), (7, 9, 8))
55: ((4, 6, 3), (2, 5, 1), (7, 8, 9))
56: ((2, 6, 3), (4, 5, 1), (7, 9, 8))
57: ((4, 6, 3), (5, 2, 1), (7, 9, 8))
58: ((2, 6, 3), (4, 5, 1), (7, 8, 9))
59: ((4, 6, 3), (5, 2, 1), (7, 8, 9))
60: ((4, 6, 1), (2, 5, 3), (7, 9, 8))
61: ((4, 6, 1), (2, 5, 3), (7, 8, 9))
62: ((2, 6, 1), (4, 5, 3), (7, 9, 8))
63: ((6, 4, 3), (2, 7, 1), (9, 5, 8))
64: ((6, 4, 1), (2, 3, 5), (7, 9, 8))
65: ((6, 4, 1), (2, 3, 5), (7, 8, 9))
66: ((6, 4, 5), (1, 2, 3), (7, 9, 8))
67: ((6, 5, 1), (4, 2, 3), (7, 8, 9))
68: ((6, 1, 3), (4, 2, 5), (7, 8, 9))
69: ((6, 4, 3), (7, 2, 1), (9, 5, 8))
70: ((4, 6, 3), (2, 8, 1), (7, 5, 9))
71: ((6, 4, 3), (1, 5, 2), (7, 9, 8))
72: ((6, 2, 3), (7, 4, 1), (5, 8, 9))
73: ((4, 5, 3), (2, 6, 1), (7, 9, 8))
74: ((4, 5, 3), (2, 6, 1), (7, 8, 9))
75: ((2, 5, 3), (4, 6, 1), (7, 9, 8))
76: ((6, 4, 1), (2, 8, 3), (7, 5, 9))
77: ((6, 5, 3), (4, 7, 1), (2, 9, 8))
78: ((6, 2, 1), (5, 4, 3), (7, 8, 9))
79: ((6, 4, 3), (7, 8, 1), (2, 5, 9))
80: ((6, 4, 3), (2, 8, 1), (9, 5, 7))
81: ((6, 4, 3), (5, 2, 1), (9, 8, 7))
82: ((6, 4, 1), (5, 2, 3), (9, 7, 8))
83: ((2, 4, 3), (6, 5, 1), (7, 9, 8))
84: ((2, 4, 3), (6, 5, 1), (7, 8, 9))
85: ((4, 2, 3), (6, 5, 1), (7, 9, 8))
86: ((4, 2, 3), (6, 5, 1), (7, 8, 9))
87: ((2, 5, 3), (6, 4, 1), (7, 9, 8))
88: ((2, 5, 3), (6, 4, 1), (7, 8, 9))
89: ((2, 4, 1), (6, 5, 3), (7, 9, 8))
90: ((2, 4, 1), (6, 5, 3), (7, 8, 9))
91: ((4, 2, 1), (6, 5, 3), (7, 9, 8))
92: ((4, 2, 1), (6, 5, 3), (7, 8, 9))
93: ((6, 5, 3), (4, 7, 1), (2, 8, 9))
94: ((2, 4, 3), (6, 8, 1), (7, 5, 9))
95: ((4, 5, 3), (6, 2, 1), (7, 9, 8))
96: ((4, 5, 3), (6, 2, 1), (7, 8, 9))
97: ((2, 4, 3), (5, 6, 1), (7, 9, 8))
98: ((2, 4, 3), (5, 6, 1), (7, 8, 9))
99: ((4, 2, 3), (5, 6, 1), (7, 9, 8))
100: ((2, 5, 3), (4, 6, 1), (7, 8, 9))
101: ((4, 2, 3), (5, 6, 1), (7, 8, 9))
102: ((6, 4, 3), (1, 5, 2), (7, 8, 9))
103: ((6, 4, 1), (2, 9, 3), (7, 8, 5))
104: ((6, 1, 5), (2, 4, 3), (7, 9, 8))
105: ((6, 1, 5), (4, 2, 3), (7, 9, 8))
106: ((6, 2, 3), (1, 4, 5), (7, 8, 9))
107: ((6, 1, 5), (2, 4, 3), (7, 8, 9))
108: ((6, 4, 5), (1, 2, 3), (7, 8, 9))
109: ((6, 4, 3), (5, 2, 1), (8, 7, 9))
110: ((6, 4, 3), (2, 7, 1), (9, 8, 5))
111: ((4, 6, 1), (5, 2, 3), (7, 9, 8))
112: ((2, 6, 1), (4, 5, 3), (7, 8, 9))
113: ((4, 6, 1), (5, 2, 3), (7, 8, 9))
114: ((6, 5, 3), (7, 2, 1), (4, 9, 8))
115: ((6, 2, 3), (7, 5, 1), (4, 9, 8))
116: ((6, 5, 3), (7, 2, 1), (4, 8, 9))
117: ((2, 6, 3), (7, 5, 1), (4, 9, 8))
118: ((2, 6, 3), (7, 5, 1), (4, 8, 9))
119: ((6, 2, 3), (5, 4, 1), (8, 7, 9))
120: ((4, 3, 6), (2, 5, 1), (7, 9, 8))
121: ((4, 3, 6), (2, 5, 1), (7, 8, 9))
122: ((2, 3, 6), (4, 5, 1), (7, 9, 8))
123: ((4, 3, 6), (5, 2, 1), (7, 9, 8))
124: ((2, 3, 6), (4, 5, 1), (7, 8, 9))
125: ((4, 3, 6), (5, 2, 1), (7, 8, 9))
126: ((4, 2, 3), (6, 8, 1), (7, 5, 9))
127: ((6, 1, 3), (2, 5, 4), (7, 9, 8))
128: ((6, 1, 3), (2, 5, 4), (7, 8, 9))
129: ((6, 4, 3), (5, 7, 1), (2, 9, 8))
130: ((6, 4, 3), (5, 7, 1), (2, 8, 9))
131: ((2, 5, 1), (6, 4, 3), (7, 9, 8))
132: ((2, 5, 1), (6, 4, 3), (7, 8, 9))
133: ((4, 6, 3), (2, 1, 5), (7, 9, 8))
134: ((4, 6, 3), (2, 1, 5), (7, 8, 9))
135: ((2, 6, 3), (4, 1, 5), (7, 9, 8))
136: ((4, 6, 3), (1, 2, 5), (7, 9, 8))
137: ((1, 6, 3), (4, 2, 5), (7, 9, 8))
138: ((2, 6, 3), (4, 1, 5), (7, 8, 9))
139: ((4, 6, 3), (1, 2, 5), (7, 8, 9))
140: ((1, 6, 3), (4, 2, 5), (7, 8, 9))
141: ((6, 5, 3), (2, 4, 1), (9, 8, 7))
142: ((6, 5, 3), (4, 2, 1), (9, 8, 7))
143: ((6, 5, 1), (2, 4, 3), (9, 7, 8))
144: ((6, 5, 1), (4, 2, 3), (9, 7, 8))
145: ((6, 4, 3), (2, 1, 5), (9, 7, 8))
146: ((6, 4, 3), (1, 2, 5), (9, 7, 8))
147: ((6, 1, 3), (2, 4, 5), (9, 7, 8))
148: ((6, 1, 3), (4, 2, 5), (9, 7, 8))
149: ((6, 4, 3), (7, 9, 1), (2, 5, 8))
150: ((6, 4, 3), (7, 9, 1), (2, 8, 5))
151: ((6, 2, 3), (1, 4, 5), (9, 7, 8))
152: ((6, 2, 3), (5, 4, 1), (9, 8, 7))
153: ((6, 2, 1), (5, 4, 3), (9, 7, 8))
154: ((6, 2, 1), (4, 5, 3), (7, 8, 9))
155: ((6, 2, 3), (4, 5, 1), (9, 8, 7))
156: ((6, 2, 1), (4, 5, 3), (9, 7, 8))
157: ((6, 5, 1), (7, 4, 3), (2, 9, 8))
158: ((6, 5, 1), (7, 4, 3), (2, 8, 9))
159: ((6, 5, 3), (2, 4, 1), (8, 7, 9))
160: ((6, 5, 3), (4, 2, 1), (8, 7, 9))
161: ((6, 4, 3), (7, 1, 5), (2, 9, 8))
162: ((6, 4, 3), (7, 1, 5), (2, 8, 9))
163: ((6, 1, 3), (7, 4, 5), (2, 9, 8))
164: ((6, 1, 3), (7, 4, 5), (2, 8, 9))
165: ((4, 6, 3), (2, 9, 1), (7, 5, 8))
166: ((2, 6, 3), (4, 9, 1), (7, 5, 8))
167: ((4, 6, 3), (2, 9, 1), (7, 8, 5))
168: ((2, 6, 3), (4, 9, 1), (7, 8, 5))
169: ((6, 2, 5), (1, 4, 3), (7, 9, 8))
170: ((2, 4, 3), (6, 9, 1), (7, 5, 8))
171: ((4, 2, 3), (6, 9, 1), (7, 5, 8))
172: ((2, 4, 3), (6, 9, 1), (7, 8, 5))
173: ((2, 4, 3), (6, 1, 5), (7, 9, 8))
174: ((2, 4, 3), (6, 1, 5), (7, 8, 9))
175: ((4, 2, 3), (6, 1, 5), (7, 9, 8))
176: ((2, 1, 3), (6, 4, 5), (7, 9, 8))
177: ((1, 2, 3), (6, 4, 5), (7, 9, 8))
178: ((2, 1, 3), (6, 4, 5), (7, 8, 9))
179: ((4, 2, 3), (6, 1, 5), (7, 8, 9))
180: ((1, 2, 3), (6, 4, 5), (7, 8, 9))
181: ((4, 2, 3), (6, 9, 1), (7, 8, 5))
182: ((2, 6, 3), (4, 8, 1), (7, 5, 9))
183: ((2, 4, 3), (7, 5, 1), (6, 9, 8))
184: ((2, 4, 3), (7, 5, 1), (6, 8, 9))
185: ((4, 2, 3), (7, 5, 1), (6, 9, 8))
186: ((4, 2, 3), (7, 5, 1), (6, 8, 9))
187: ((6, 2, 3), (7, 4, 1), (9, 5, 8))
188: ((2, 5, 3), (7, 4, 1), (6, 9, 8))
189: ((2, 5, 3), (7, 4, 1), (6, 8, 9))
190: ((6, 2, 3), (4, 5, 1), (8, 7, 9))
191: ((5, 6, 3), (4, 2, 1), (7, 9, 8))
192: ((5, 6, 3), (4, 2, 1), (7, 8, 9))
193: ((2, 6, 3), (5, 4, 1), (7, 9, 8))
194: ((2, 6, 3), (5, 4, 1), (7, 8, 9))
195: ((6, 4, 1), (7, 2, 3), (5, 9, 8))
196: ((6, 4, 1), (7, 2, 3), (5, 8, 9))
197: ((6, 2, 1), (7, 4, 3), (5, 9, 8))
198: ((6, 4, 3), (2, 1, 5), (8, 7, 9))
199: ((4, 6, 3), (2, 5, 1), (8, 7, 9))
200: ((2, 6, 3), (4, 5, 1), (8, 7, 9))
201: ((6, 4, 3), (2, 9, 1), (8, 7, 5))
202: ((6, 4, 1), (2, 9, 3), (5, 7, 8))
203: ((6, 4, 3), (2, 9, 1), (5, 8, 7))
204: ((2, 4, 1), (5, 6, 3), (7, 9, 8))
205: ((2, 4, 1), (5, 6, 3), (7, 8, 9))
206: ((4, 2, 1), (5, 6, 3), (7, 9, 8))
207: ((2, 4, 1), (7, 5, 3), (6, 9, 8))
208: ((2, 4, 1), (7, 5, 3), (6, 8, 9))
209: ((4, 2, 1), (7, 5, 3), (6, 9, 8))
210: ((6, 4, 1), (2, 5, 3), (9, 8, 7))
211: ((4, 6, 1), (2, 9, 3), (7, 5, 8))
212: ((2, 6, 1), (4, 9, 3), (7, 5, 8))
213: ((2, 4, 1), (6, 9, 3), (7, 5, 8))
214: ((4, 2, 1), (6, 9, 3), (7, 5, 8))
215: ((6, 4, 1), (2, 5, 3), (8, 7, 9))
216: ((2, 4, 3), (6, 5, 1), (8, 7, 9))
217: ((4, 2, 3), (6, 5, 1), (8, 7, 9))
218: ((6, 4, 1), (7, 9, 3), (2, 5, 8))
219: ((4, 5, 1), (2, 6, 3), (7, 9, 8))
220: ((4, 5, 1), (2, 6, 3), (7, 8, 9))
221: ((2, 5, 1), (4, 6, 3), (7, 9, 8))
222: ((6, 4, 3), (2, 1, 5), (9, 8, 7))
223: ((6, 4, 1), (5, 7, 3), (2, 9, 8))
224: ((6, 4, 1), (5, 7, 3), (2, 8, 9))
225: ((6, 4, 1), (2, 7, 3), (9, 5, 8))
226: ((4, 6, 3), (2, 5, 1), (9, 7, 8))
227: ((2, 6, 3), (4, 5, 1), (9, 7, 8))
228: ((4, 6, 3), (5, 2, 1), (9, 7, 8))
229: ((4, 6, 1), (2, 5, 3), (9, 7, 8))
230: ((2, 6, 1), (4, 5, 3), (9, 7, 8))
231: ((4, 6, 3), (2, 5, 1), (9, 8, 7))
232: ((2, 6, 3), (4, 5, 1), (9, 8, 7))
233: ((6, 3, 4), (2, 5, 1), (7, 9, 8))
234: ((6, 3, 4), (2, 5, 1), (7, 8, 9))
235: ((6, 3, 4), (5, 2, 1), (7, 9, 8))
236: ((6, 3, 4), (5, 2, 1), (7, 8, 9))
237: ((6, 5, 4), (2, 3, 1), (7, 9, 8))
238: ((6, 5, 4), (2, 3, 1), (7, 8, 9))
239: ((6, 2, 4), (5, 3, 1), (7, 9, 8))
240: ((6, 3, 4), (2, 8, 1), (7, 5, 9))
241: ((6, 2, 4), (5, 3, 1), (7, 8, 9))
242: ((6, 3, 4), (2, 1, 5), (7, 9, 8))
243: ((6, 3, 4), (2, 1, 5), (7, 8, 9))
244: ((6, 3, 4), (1, 2, 5), (7, 9, 8))
245: ((6, 3, 4), (1, 2, 5), (7, 8, 9))
246: ((6, 3, 4), (2, 9, 1), (7, 5, 8))
247: ((6, 3, 4), (2, 9, 1), (7, 8, 5))
248: ((6, 3, 4), (2, 5, 1), (8, 7, 9))
249: ((6, 5, 4), (2, 1, 3), (7, 9, 8))
250: ((6, 5, 4), (2, 1, 3), (7, 8, 9))
251: ((6, 1, 4), (2, 5, 3), (7, 9, 8))
252: ((6, 1, 4), (2, 3, 5), (7, 9, 8))
253: ((6, 1, 4), (2, 3, 5), (7, 8, 9))
254: ((5, 2, 3), (6, 4, 1), (7, 9, 8))
255: ((5, 2, 3), (6, 4, 1), (7, 8, 9))
256: ((6, 3, 4), (2, 5, 1), (9, 7, 8))
257: ((6, 3, 4), (5, 2, 1), (9, 7, 8))
258: ((6, 3, 4), (2, 5, 1), (9, 8, 7))
259: ((6, 4, 5), (7, 1, 3), (2, 9, 8))
260: ((6, 4, 5), (7, 1, 3), (2, 8, 9))
261: ((6, 3, 1), (2, 4, 5), (7, 9, 8))
262: ((6, 3, 1), (4, 2, 5), (7, 9, 8))
263: ((6, 3, 1), (2, 4, 5), (7, 8, 9))
264: ((6, 4, 2), (1, 5, 3), (7, 9, 8))
265: ((2, 4, 3), (6, 5, 1), (9, 7, 8))
266: ((4, 2, 3), (6, 5, 1), (9, 7, 8))
267: ((2, 5, 3), (6, 4, 1), (9, 7, 8))
268: ((2, 4, 1), (6, 5, 3), (9, 7, 8))
269: ((4, 2, 1), (6, 5, 3), (9, 7, 8))
270: ((2, 4, 3), (6, 5, 1), (9, 8, 7))
271: ((4, 2, 3), (6, 5, 1), (9, 8, 7))
272: ((4, 6, 5), (2, 1, 3), (7, 9, 8))
273: ((4, 6, 5), (2, 1, 3), (7, 8, 9))
274: ((2, 6, 5), (4, 1, 3), (7, 9, 8))
275: ((6, 4, 3), (2, 1, 9), (7, 5, 8))
276: ((6, 4, 3), (1, 2, 9), (7, 5, 8))
277: ((6, 1, 3), (2, 4, 9), (7, 5, 8))
278: ((6, 1, 3), (4, 2, 9), (7, 5, 8))
279: ((6, 4, 3), (2, 1, 9), (7, 8, 5))
280: ((6, 2, 3), (1, 4, 9), (7, 5, 8))
281: ((6, 4, 5), (2, 1, 3), (9, 7, 8))
282: ((2, 4, 5), (6, 1, 3), (7, 9, 8))
283: ((2, 4, 5), (6, 1, 3), (7, 8, 9))
284: ((4, 2, 5), (6, 1, 3), (7, 9, 8))
285: ((6, 2, 3), (7, 5, 1), (4, 8, 9))
286: ((6, 3, 4), (7, 2, 1), (5, 9, 8))
287: ((6, 3, 4), (7, 2, 1), (5, 8, 9))
288: ((1, 6, 3), (2, 4, 5), (7, 9, 8))
289: ((1, 6, 3), (2, 4, 5), (7, 8, 9))
290: ((6, 3, 4), (7, 5, 1), (2, 9, 8))
291: ((6, 3, 4), (7, 5, 1), (2, 8, 9))
292: ((6, 4, 1), (7, 2, 3), (9, 5, 8))
293: ((6, 1, 5), (4, 2, 3), (7, 8, 9))
294: ((6, 4, 3), (1, 2, 5), (9, 8, 7))
295: ((1, 4, 3), (6, 2, 5), (7, 9, 8))
296: ((1, 4, 3), (6, 2, 5), (7, 8, 9))
297: ((6, 4, 1), (7, 3, 5), (2, 9, 8))
298: ((6, 4, 1), (7, 3, 5), (2, 8, 9))
299: ((2, 4, 3), (5, 1, 6), (7, 9, 8))
300: ((2, 4, 3), (5, 1, 6), (7, 8, 9))
301: ((4, 2, 3), (5, 1, 6), (7, 9, 8))
302: ((2, 4, 3), (1, 5, 6), (7, 9, 8))
303: ((6, 4, 3), (1, 2, 5), (8, 7, 9))
304: ((4, 6, 3), (7, 5, 1), (2, 9, 8))
305: ((4, 6, 3), (7, 5, 1), (2, 8, 9))
306: ((7, 6, 3), (4, 5, 1), (2, 9, 8))
307: ((7, 6, 3), (4, 5, 1), (2, 8, 9))
308: ((4, 6, 1), (7, 5, 3), (2, 9, 8))
309: ((4, 6, 1), (7, 5, 3), (2, 8, 9))
310: ((6, 4, 1), (2, 3, 5), (9, 7, 8))
311: ((6, 4, 1), (2, 5, 8), (7, 9, 3))
312: ((6, 4, 1), (5, 2, 8), (7, 9, 3))
313: ((6, 5, 1), (2, 4, 8), (7, 9, 3))
314: ((6, 5, 1), (4, 2, 8), (7, 9, 3))
315: ((6, 2, 1), (5, 4, 8), (7, 9, 3))
316: ((6, 2, 1), (4, 5, 8), (7, 9, 3))
317: ((4, 6, 3), (2, 9, 1), (5, 7, 8))
318: ((2, 6, 3), (4, 9, 1), (5, 7, 8))
319: ((2, 4, 3), (1, 6, 5), (7, 9, 8))
320: ((2, 4, 3), (1, 6, 5), (7, 8, 9))
321: ((4, 2, 3), (1, 6, 5), (7, 9, 8))
322: ((1, 2, 3), (4, 6, 5), (7, 9, 8))
323: ((2, 4, 3), (6, 9, 1), (5, 7, 8))
324: ((4, 2, 3), (6, 9, 1), (5, 7, 8))
325: ((2, 4, 1), (6, 3, 5), (7, 9, 8))
326: ((2, 4, 1), (6, 3, 5), (7, 8, 9))
327: ((4, 2, 1), (6, 3, 5), (7, 9, 8))
328: ((1, 4, 3), (2, 6, 5), (7, 9, 8))
329: ((6, 4, 1), (2, 8, 5), (7, 9, 3))
330: ((2, 1, 3), (4, 6, 5), (7, 9, 8))
331: ((4, 5, 3), (2, 1, 6), (7, 9, 8))
332: ((4, 5, 3), (2, 1, 6), (7, 8, 9))
333: ((2, 5, 3), (4, 1, 6), (7, 9, 8))
334: ((4, 1, 3), (2, 5, 6), (7, 9, 8))
335: ((4, 5, 3), (1, 2, 6), (7, 9, 8))
336: ((1, 5, 3), (4, 2, 6), (7, 9, 8))
337: ((4, 2, 3), (1, 5, 6), (7, 9, 8))
338: ((2, 4, 3), (7, 6, 1), (5, 9, 8))
339: ((2, 4, 3), (7, 6, 1), (5, 8, 9))
340: ((4, 2, 3), (7, 6, 1), (5, 9, 8))
341: ((6, 4, 3), (5, 1, 2), (7, 9, 8))
342: ((6, 4, 3), (5, 1, 2), (7, 8, 9))
343: ((6, 4, 2), (5, 1, 3), (7, 9, 8))
344: ((6, 1, 3), (5, 4, 2), (7, 9, 8))
345: ((6, 1, 3), (4, 5, 2), (7, 9, 8))
346: ((6, 4, 2), (5, 1, 3), (7, 8, 9))
347: ((6, 1, 3), (5, 4, 2), (7, 8, 9))
348: ((6, 1, 3), (4, 5, 2), (7, 8, 9))
349: ((6, 1, 2), (5, 4, 3), (7, 9, 8))
350: ((6, 1, 2), (4, 5, 3), (7, 9, 8))
351: ((6, 4, 3), (7, 2, 1), (9, 8, 5))
352: ((4, 6, 3), (2, 7, 1), (9, 5, 8))
353: ((2, 6, 3), (4, 7, 1), (9, 5, 8))
354: ((6, 4, 3), (7, 1, 2), (5, 9, 8))
355: ((6, 4, 3), (7, 1, 2), (5, 8, 9))
356: ((6, 4, 2), (7, 1, 3), (5, 9, 8))
357: ((4, 6, 3), (7, 2, 1), (9, 5, 8))
358: ((4, 1, 3), (6, 2, 5), (7, 9, 8))
359: ((6, 4, 3), (1, 2, 9), (7, 8, 5))
360: ((6, 5, 4), (7, 3, 1), (2, 9, 8))
361: ((6, 5, 4), (7, 3, 1), (2, 8, 9))
362: ((6, 2, 4), (7, 3, 1), (5, 9, 8))
363: ((6, 4, 5), (1, 2, 3), (9, 7, 8))
364: ((4, 1, 3), (2, 6, 5), (7, 9, 8))
365: ((4, 1, 3), (2, 6, 5), (7, 8, 9))
366: ((6, 4, 3), (2, 1, 9), (5, 7, 8))
367: ((6, 4, 3), (2, 7, 1), (8, 5, 9))
368: ((6, 4, 3), (1, 2, 9), (5, 7, 8))
369: ((6, 4, 3), (7, 2, 1), (8, 5, 9))
370: ((4, 6, 5), (1, 2, 3), (7, 9, 8))
371: ((1, 6, 5), (4, 2, 3), (7, 9, 8))
372: ((2, 5, 3), (4, 6, 1), (9, 7, 8))
373: ((6, 3, 1), (4, 2, 5), (7, 8, 9))
374: ((2, 4, 3), (6, 7, 1), (9, 5, 8))
375: ((4, 2, 3), (6, 7, 1), (9, 5, 8))
376: ((4, 6, 1), (2, 3, 5), (7, 9, 8))
377: ((4, 6, 1), (2, 3, 5), (7, 8, 9))
378: ((2, 6, 1), (4, 3, 5), (7, 9, 8))
379: ((6, 2, 4), (5, 3, 1), (9, 7, 8))
380: ((4, 1, 6), (2, 5, 3), (7, 9, 8))
381: ((4, 1, 6), (2, 5, 3), (7, 8, 9))
382: ((2, 1, 6), (4, 5, 3), (7, 9, 8))
383: ((1, 2, 6), (4, 5, 3), (7, 9, 8))
384: ((6, 5, 4), (2, 3, 1), (9, 7, 8))
385: ((6, 3, 4), (2, 7, 1), (9, 5, 8))
386: ((5, 2, 3), (4, 6, 1), (7, 9, 8))
387: ((6, 3, 4), (7, 2, 1), (9, 5, 8))
388: ((6, 1, 4), (2, 5, 3), (7, 8, 9))
389: ((6, 4, 3), (2, 8, 1), (5, 7, 9))
390: ((4, 5, 6), (2, 3, 1), (7, 9, 8))
391: ((4, 5, 6), (2, 3, 1), (7, 8, 9))
392: ((2, 5, 6), (4, 3, 1), (7, 9, 8))
393: ((4, 3, 1), (2, 5, 6), (7, 9, 8))
394: ((4, 3, 1), (2, 5, 6), (7, 8, 9))
395: ((2, 3, 1), (4, 5, 6), (7, 9, 8))
396: ((6, 5, 4), (1, 2, 3), (7, 9, 8))
397: ((6, 2, 4), (1, 5, 3), (7, 9, 8))
398: ((6, 3, 4), (2, 9, 1), (5, 7, 8))
399: ((4, 2, 6), (5, 3, 1), (7, 9, 8))
400: ((6, 2, 4), (1, 3, 5), (7, 9, 8))
401: ((4, 6, 3), (7, 2, 1), (5, 9, 8))
402: ((4, 6, 3), (7, 2, 1), (5, 8, 9))
403: ((4, 5, 3), (2, 6, 1), (9, 7, 8))
404: ((2, 5, 1), (4, 6, 3), (7, 8, 9))
405: ((6, 1, 3), (2, 4, 5), (9, 8, 7))
406: ((6, 1, 3), (4, 2, 5), (9, 8, 7))
407: ((6, 4, 3), (7, 2, 5), (1, 9, 8))
408: ((6, 4, 3), (7, 2, 5), (1, 8, 9))
409: ((6, 2, 3), (7, 4, 5), (1, 9, 8))
410: ((6, 5, 3), (2, 1, 4), (7, 9, 8))
411: ((6, 5, 3), (2, 1, 4), (7, 8, 9))
412: ((6, 5, 3), (1, 2, 4), (7, 9, 8))
413: ((6, 2, 3), (1, 5, 4), (7, 9, 8))
414: ((6, 5, 3), (1, 2, 4), (7, 8, 9))
415: ((6, 2, 3), (1, 5, 4), (7, 8, 9))
416: ((4, 2, 1), (7, 5, 3), (6, 8, 9))
417: ((6, 4, 1), (5, 2, 3), (9, 8, 7))
418: ((6, 4, 1), (7, 8, 3), (2, 5, 9))
419: ((4, 6, 1), (2, 9, 3), (7, 8, 5))
420: ((6, 4, 1), (2, 8, 3), (9, 5, 7))
421: ((6, 4, 1), (5, 2, 3), (8, 7, 9))
422: ((2, 4, 1), (6, 9, 3), (7, 8, 5))
423: ((4, 5, 1), (2, 3, 6), (7, 9, 8))
424: ((6, 4, 1), (7, 9, 3), (2, 8, 5))
425: ((4, 5, 1), (2, 3, 6), (7, 8, 9))
426: ((6, 2, 3), (4, 7, 1), (5, 9, 8))
427: ((6, 2, 3), (7, 4, 5), (1, 8, 9))
428: ((6, 4, 3), (7, 5, 2), (1, 9, 8))
429: ((6, 2, 3), (4, 7, 1), (5, 8, 9))
430: ((6, 4, 1), (2, 7, 3), (9, 8, 5))
431: ((6, 4, 3), (7, 5, 2), (1, 8, 9))
432: ((4, 6, 1), (5, 2, 3), (9, 7, 8))
433: ((6, 1, 3), (2, 4, 5), (8, 7, 9))
434: ((6, 1, 3), (4, 2, 5), (8, 7, 9))
435: ((6, 3, 5), (2, 4, 1), (7, 9, 8))
436: ((6, 3, 5), (4, 2, 1), (7, 9, 8))
437: ((6, 3, 5), (2, 4, 1), (7, 8, 9))
438: ((6, 3, 5), (4, 2, 1), (7, 8, 9))
439: ((6, 2, 5), (4, 3, 1), (7, 9, 8))
440: ((6, 2, 1), (7, 4, 3), (5, 8, 9))
441: ((6, 3, 5), (7, 2, 1), (4, 9, 8))
442: ((6, 2, 5), (4, 3, 1), (7, 8, 9))
443: ((6, 2, 4), (1, 3, 5), (7, 8, 9))
444: ((6, 3, 5), (7, 2, 1), (4, 8, 9))
445: ((7, 6, 3), (4, 2, 1), (5, 9, 8))
446: ((4, 2, 6), (5, 3, 1), (7, 8, 9))
447: ((6, 4, 3), (2, 1, 8), (7, 9, 5))
448: ((6, 4, 3), (2, 1, 8), (7, 5, 9))
449: ((6, 4, 3), (1, 2, 8), (7, 9, 5))
450: ((6, 1, 3), (2, 4, 8), (7, 9, 5))
451: ((6, 1, 3), (4, 2, 8), (7, 9, 5))
452: ((6, 2, 3), (1, 4, 8), (7, 9, 5))
453: ((6, 4, 3), (1, 2, 8), (7, 5, 9))
454: ((6, 1, 3), (2, 4, 8), (7, 5, 9))
455: ((6, 1, 3), (4, 2, 8), (7, 5, 9))
456: ((7, 6, 3), (4, 2, 1), (5, 8, 9))
457: ((6, 4, 1), (2, 5, 9), (7, 8, 3))
458: ((6, 5, 4), (1, 2, 3), (7, 8, 9))
459: ((6, 4, 1), (5, 2, 9), (7, 8, 3))
460: ((6, 4, 1), (2, 8, 9), (7, 5, 3))
461: ((6, 4, 3), (7, 5, 1), (8, 2, 9))
462: ((2, 3, 1), (4, 5, 6), (7, 8, 9))
463: ((4, 6, 3), (5, 2, 1), (8, 7, 9))
464: ((2, 5, 6), (4, 3, 1), (7, 8, 9))
465: ((4, 3, 1), (5, 2, 6), (7, 9, 8))
466: ((4, 2, 3), (5, 6, 1), (9, 7, 8))
467: ((4, 6, 3), (5, 2, 1), (9, 8, 7))
468: ((4, 3, 1), (5, 2, 6), (7, 8, 9))
469: ((2, 4, 1), (5, 3, 6), (7, 9, 8))
470: ((6, 3, 1), (2, 5, 4), (7, 9, 8))
471: ((6, 3, 1), (2, 5, 4), (7, 8, 9))
472: ((6, 3, 1), (5, 2, 4), (7, 9, 8))
473: ((6, 3, 1), (5, 2, 4), (7, 8, 9))
474: ((6, 1, 3), (5, 2, 4), (7, 9, 8))
475: ((6, 5, 1), (2, 3, 4), (7, 9, 8))
476: ((6, 5, 1), (2, 3, 4), (7, 8, 9))
477: ((6, 2, 1), (5, 3, 4), (7, 9, 8))
478: ((2, 4, 1), (5, 3, 6), (7, 8, 9))
479: ((6, 3, 1), (2, 8, 4), (7, 5, 9))
480: ((6, 1, 3), (5, 2, 4), (7, 8, 9))
481: ((6, 2, 1), (5, 3, 4), (7, 8, 9))
482: ((6, 3, 4), (2, 7, 1), (9, 8, 5))
483: ((5, 2, 3), (4, 6, 1), (7, 8, 9))
484: ((4, 5, 1), (6, 2, 3), (7, 9, 8))
485: ((2, 5, 3), (4, 7, 1), (6, 9, 8))
486: ((4, 2, 1), (5, 6, 3), (7, 8, 9))
487: ((2, 3, 4), (6, 5, 1), (7, 9, 8))
488: ((2, 3, 4), (6, 5, 1), (7, 8, 9))
489: ((2, 5, 4), (6, 3, 1), (7, 9, 8))
490: ((2, 5, 4), (6, 3, 1), (7, 8, 9))
491: ((6, 4, 3), (2, 8, 1), (7, 9, 5))
492: ((4, 1, 6), (5, 2, 3), (7, 9, 8))
493: ((5, 6, 3), (7, 2, 1), (4, 9, 8))
494: ((2, 4, 1), (6, 8, 3), (7, 5, 9))
495: ((2, 6, 1), (4, 3, 5), (7, 8, 9))
496: ((1, 4, 6), (2, 5, 3), (7, 9, 8))
497: ((6, 4, 3), (2, 5, 1), (8, 9, 7))
498: ((4, 5, 3), (7, 2, 1), (6, 9, 8))
499: ((7, 2, 3), (4, 5, 1), (6, 9, 8))
500: ((2, 4, 3), (7, 8, 1), (6, 5, 9))
501: ((6, 5, 4), (3, 2, 1), (7, 9, 8))
502: ((6, 2, 4), (3, 5, 1), (7, 9, 8))
503: ((6, 5, 4), (3, 2, 1), (7, 8, 9))
504: ((6, 2, 4), (3, 5, 1), (7, 8, 9))
505: ((4, 6, 5), (1, 2, 3), (7, 8, 9))
506: ((6, 4, 3), (2, 9, 1), (8, 5, 7))
507: ((6, 4, 3), (2, 7, 1), (5, 8, 9))
508: ((4, 1, 3), (2, 5, 6), (7, 8, 9))
509: ((6, 1, 3), (2, 4, 9), (5, 7, 8))
510: ((6, 1, 3), (4, 2, 9), (5, 7, 8))
511: ((6, 2, 4), (7, 3, 1), (5, 8, 9))
512: ((6, 2, 3), (4, 1, 5), (7, 9, 8))
513: ((6, 1, 3), (7, 4, 2), (5, 9, 8))
514: ((6, 4, 2), (7, 1, 3), (5, 8, 9))
515: ((4, 1, 3), (6, 2, 5), (7, 8, 9))
516: ((6, 2, 5), (1, 4, 3), (7, 8, 9))
517: ((4, 2, 3), (7, 6, 1), (5, 8, 9))
518: ((2, 6, 3), (7, 9, 1), (4, 5, 8))
519: ((1, 2, 3), (4, 5, 6), (7, 9, 8))
520: ((4, 5, 3), (1, 2, 6), (7, 8, 9))
521: ((2, 5, 3), (4, 1, 6), (7, 8, 9))
522: ((6, 1, 3), (4, 7, 5), (2, 9, 8))
523: ((4, 3, 2), (6, 5, 1), (7, 9, 8))
524: ((4, 3, 2), (6, 5, 1), (7, 8, 9))
525: ((2, 4, 3), (1, 5, 6), (7, 8, 9))
526: ((1, 4, 3), (2, 5, 6), (7, 9, 8))
527: ((6, 4, 1), (2, 8, 3), (7, 9, 5))
528: ((2, 1, 3), (4, 5, 6), (7, 9, 8))
529: ((2, 1, 3), (4, 6, 5), (7, 8, 9))
530: ((4, 5, 6), (2, 1, 3), (7, 9, 8))
531: ((1, 4, 3), (2, 6, 5), (7, 8, 9))
532: ((4, 2, 3), (1, 6, 5), (7, 8, 9))
533: ((6, 4, 3), (1, 7, 5), (2, 9, 8))
534: ((6, 4, 3), (1, 7, 5), (2, 8, 9))
535: ((6, 5, 1), (4, 7, 3), (2, 9, 8))
536: ((6, 3, 2), (5, 4, 1), (7, 9, 8))
537: ((6, 3, 2), (4, 5, 1), (7, 9, 8))
538: ((6, 3, 2), (5, 4, 1), (7, 8, 9))
539: ((6, 3, 2), (4, 5, 1), (7, 8, 9))
540: ((6, 4, 1), (2, 5, 8), (7, 3, 9))
541: ((7, 6, 1), (4, 5, 3), (2, 9, 8))
542: ((4, 6, 3), (7, 8, 1), (2, 5, 9))
543: ((6, 4, 3), (1, 5, 2), (9, 7, 8))
544: ((4, 5, 3), (7, 6, 1), (2, 9, 8))
545: ((4, 5, 3), (7, 6, 1), (2, 8, 9))
546: ((4, 2, 3), (5, 1, 6), (7, 8, 9))
547: ((6, 4, 3), (7, 5, 1), (9, 2, 8))
548: ((6, 4, 3), (5, 8, 1), (7, 2, 9))
549: ((1, 4, 3), (6, 5, 2), (7, 9, 8))
550: ((6, 3, 4), (7, 8, 1), (2, 5, 9))
551: ((6, 4, 1), (2, 3, 9), (7, 5, 8))
552: ((4, 6, 3), (1, 5, 2), (7, 9, 8))
553: ((1, 6, 3), (4, 5, 2), (7, 9, 8))
554: ((2, 1, 5), (6, 4, 3), (7, 9, 8))
555: ((1, 2, 5), (6, 4, 3), (7, 9, 8))
556: ((4, 2, 5), (6, 1, 3), (7, 8, 9))
557: ((6, 1, 5), (2, 4, 3), (9, 7, 8))
558: ((6, 1, 5), (4, 2, 3), (9, 7, 8))
559: ((2, 6, 3), (1, 4, 5), (7, 9, 8))
560: ((6, 1, 3), (2, 4, 9), (7, 8, 5))
561: ((6, 1, 3), (4, 2, 9), (7, 8, 5))
562: ((2, 6, 3), (7, 1, 5), (4, 9, 8))
563: ((2, 6, 5), (4, 1, 3), (7, 8, 9))
564: ((6, 4, 9), (2, 1, 3), (7, 5, 8))
565: ((6, 4, 9), (1, 2, 3), (7, 5, 8))
566: ((2, 6, 3), (1, 4, 5), (7, 8, 9))
567: ((2, 6, 3), (7, 1, 5), (4, 8, 9))
568: ((6, 4, 3), (1, 5, 9), (7, 2, 8))
569: ((4, 6, 3), (1, 5, 2), (7, 8, 9))
570: ((2, 1, 5), (6, 4, 3), (7, 8, 9))
571: ((6, 1, 9), (2, 4, 3), (7, 5, 8))
572: ((6, 1, 9), (4, 2, 3), (7, 5, 8))
573: ((6, 4, 9), (2, 1, 3), (7, 8, 5))
574: ((6, 4, 1), (3, 2, 5), (7, 9, 8))
575: ((6, 4, 1), (3, 2, 5), (7, 8, 9))
576: ((6, 2, 1), (3, 4, 5), (7, 9, 8))
577: ((1, 4, 3), (6, 5, 2), (7, 8, 9))
578: ((1, 6, 3), (4, 5, 2), (7, 8, 9))
579: ((6, 4, 1), (2, 3, 9), (7, 8, 5))
580: ((6, 4, 1), (3, 5, 2), (7, 9, 8))
581: ((6, 2, 1), (3, 4, 5), (7, 8, 9))
582: ((2, 1, 3), (5, 4, 6), (7, 9, 8))
583: ((1, 2, 3), (5, 4, 6), (7, 9, 8))
584: ((6, 4, 1), (3, 5, 2), (7, 8, 9))
585: ((6, 5, 1), (7, 2, 3), (4, 9, 8))
586: ((6, 2, 1), (7, 5, 3), (4, 9, 8))
587: ((2, 1, 3), (5, 4, 6), (7, 8, 9))
588: ((2, 5, 3), (7, 6, 1), (4, 9, 8))
589: ((7, 6, 1), (4, 5, 3), (2, 8, 9))
590: ((6, 5, 1), (7, 2, 3), (4, 8, 9))
591: ((7, 5, 3), (4, 6, 1), (2, 9, 8))
592: ((2, 5, 3), (7, 6, 1), (4, 8, 9))
593: ((4, 2, 1), (6, 3, 5), (7, 8, 9))
594: ((2, 4, 3), (6, 7, 1), (9, 8, 5))
595: ((7, 5, 3), (4, 6, 1), (2, 8, 9))
596: ((6, 4, 1), (5, 2, 8), (7, 3, 9))
597: ((6, 4, 1), (2, 3, 8), (7, 5, 9))
598: ((2, 6, 1), (7, 5, 3), (4, 9, 8))
599: ((2, 4, 3), (5, 6, 1), (9, 7, 8))
600: ((6, 4, 2), (1, 5, 3), (7, 8, 9))
601: ((2, 6, 1), (7, 5, 3), (4, 8, 9))
602: ((6, 4, 1), (5, 3, 2), (7, 9, 8))
603: ((6, 4, 1), (5, 3, 2), (7, 8, 9))
604: ((6, 5, 1), (4, 7, 3), (2, 8, 9))
605: ((4, 6, 3), (2, 7, 1), (9, 8, 5))
606: ((4, 5, 3), (6, 2, 1), (9, 7, 8))
607: ((4, 6, 1), (2, 8, 3), (7, 5, 9))
608: ((4, 5, 6), (2, 1, 3), (7, 8, 9))
609: ((1, 2, 3), (4, 6, 5), (7, 8, 9))
610: ((6, 3, 4), (5, 2, 1), (9, 8, 7))
611: ((6, 3, 4), (2, 8, 1), (9, 5, 7))
612: ((6, 1, 5), (7, 4, 3), (2, 9, 8))
613: ((6, 1, 3), (4, 7, 5), (2, 8, 9))
614: ((6, 1, 5), (7, 4, 3), (2, 8, 9))
615: ((1, 5, 3), (4, 2, 6), (7, 8, 9))
616: ((6, 1, 3), (7, 2, 5), (4, 9, 8))
617: ((4, 6, 3), (2, 8, 1), (9, 5, 7))
618: ((6, 1, 2), (5, 4, 3), (7, 8, 9))
619: ((6, 1, 3), (7, 2, 5), (4, 8, 9))
620: ((6, 2, 3), (4, 1, 5), (7, 8, 9))
621: ((6, 1, 3), (7, 4, 2), (5, 8, 9))
622: ((2, 3, 6), (7, 5, 1), (4, 9, 8))
623: ((2, 1, 6), (4, 5, 3), (7, 8, 9))
624: ((2, 3, 6), (7, 5, 1), (4, 8, 9))
625: ((1, 6, 5), (4, 2, 3), (7, 8, 9))
626: ((4, 3, 6), (2, 8, 1), (7, 5, 9))
627: ((6, 3, 4), (5, 2, 1), (8, 7, 9))
628: ((7, 2, 3), (4, 5, 1), (6, 8, 9))
629: ((2, 4, 6), (5, 1, 3), (7, 9, 8))
630: ((6, 3, 4), (1, 5, 2), (7, 9, 8))
631: ((1, 4, 6), (2, 5, 3), (7, 8, 9))
632: ((2, 4, 6), (5, 1, 3), (7, 8, 9))
633: ((6, 3, 4), (1, 5, 2), (7, 8, 9))
634: ((4, 5, 3), (7, 2, 1), (6, 8, 9))
635: ((6, 4, 3), (5, 2, 1), (8, 9, 7))
636: ((4, 1, 6), (5, 2, 3), (7, 8, 9))
637: ((5, 6, 3), (7, 2, 1), (4, 8, 9))
638: ((2, 4, 3), (6, 8, 1), (9, 5, 7))
639: ((2, 3, 4), (6, 8, 1), (7, 5, 9))
640: ((6, 4, 3), (8, 2, 1), (7, 5, 9))
641: ((6, 2, 3), (8, 4, 1), (7, 5, 9))
642: ((4, 5, 1), (6, 2, 3), (7, 8, 9))
643: ((6, 4, 3), (8, 5, 1), (7, 2, 9))
644: ((3, 2, 4), (6, 5, 1), (7, 9, 8))
645: ((3, 2, 4), (6, 5, 1), (7, 8, 9))
646: ((2, 3, 4), (5, 6, 1), (7, 9, 8))
647: ((2, 3, 4), (5, 6, 1), (7, 8, 9))
648: ((2, 5, 3), (4, 7, 1), (6, 8, 9))
649: ((3, 5, 4), (6, 2, 1), (7, 9, 8))
650: ((3, 5, 4), (6, 2, 1), (7, 8, 9))
651: ((6, 2, 3), (1, 4, 8), (7, 5, 9))
652: ((4, 2, 1), (5, 3, 6), (7, 9, 8))
653: ((6, 3, 1), (2, 9, 4), (7, 5, 8))
654: ((6, 1, 3), (2, 9, 4), (7, 5, 8))
655: ((6, 3, 1), (2, 9, 4), (7, 8, 5))
656: ((6, 5, 3), (7, 4, 1), (8, 2, 9))
657: ((6, 5, 1), (2, 4, 9), (7, 8, 3))
658: ((6, 5, 1), (4, 2, 9), (7, 8, 3))
659: ((4, 6, 3), (2, 1, 5), (9, 7, 8))
660: ((2, 6, 3), (4, 1, 5), (9, 7, 8))
661: ((4, 6, 3), (1, 2, 5), (9, 7, 8))
662: ((1, 6, 3), (4, 2, 5), (9, 7, 8))
663: ((6, 4, 3), (5, 9, 1), (7, 2, 8))
664: ((6, 4, 1), (5, 9, 3), (7, 2, 8))
665: ((6, 4, 3), (7, 9, 1), (5, 2, 8))
666: ((6, 4, 3), (5, 9, 1), (7, 8, 2))
667: ((5, 6, 1), (4, 2, 3), (7, 9, 8))
668: ((5, 6, 1), (4, 2, 3), (7, 8, 9))
669: ((6, 5, 1), (2, 4, 3), (8, 7, 9))
670: ((6, 5, 1), (4, 2, 3), (8, 7, 9))
671: ((6, 5, 1), (2, 4, 3), (9, 8, 7))
672: ((6, 5, 1), (4, 2, 3), (9, 8, 7))
673: ((2, 5, 1), (4, 3, 6), (7, 9, 8))
674: ((2, 6, 1), (4, 9, 3), (7, 8, 5))
675: ((6, 2, 1), (5, 4, 3), (8, 7, 9))
676: ((4, 2, 1), (6, 9, 3), (7, 8, 5))
677: ((6, 2, 1), (5, 4, 3), (9, 8, 7))
678: ((2, 5, 1), (7, 4, 3), (6, 9, 8))
679: ((2, 5, 1), (7, 4, 3), (6, 8, 9))
680: ((4, 1, 2), (6, 5, 3), (7, 9, 8))
681: ((4, 1, 2), (6, 5, 3), (7, 8, 9))
682: ((2, 4, 3), (7, 9, 1), (6, 5, 8))
683: ((4, 2, 3), (7, 9, 1), (6, 5, 8))
684: ((2, 4, 3), (7, 9, 1), (6, 8, 5))
685: ((2, 4, 3), (5, 7, 1), (6, 9, 8))
686: ((2, 4, 3), (5, 7, 1), (6, 8, 9))
687: ((4, 2, 3), (5, 7, 1), (6, 9, 8))
688: ((4, 2, 3), (5, 7, 1), (6, 8, 9))
689: ((6, 2, 3), (7, 4, 1), (8, 5, 9))
690: ((6, 2, 3), (1, 4, 9), (5, 7, 8))
691: ((6, 2, 5), (1, 4, 3), (9, 7, 8))
692: ((2, 4, 3), (7, 1, 5), (6, 9, 8))
693: ((2, 4, 3), (7, 1, 5), (6, 8, 9))
694: ((4, 2, 3), (7, 1, 5), (6, 9, 8))
695: ((2, 1, 3), (7, 4, 5), (6, 9, 8))
696: ((1, 2, 3), (7, 4, 5), (6, 9, 8))
697: ((4, 2, 3), (7, 1, 5), (6, 8, 9))
698: ((2, 1, 3), (7, 4, 5), (6, 8, 9))
699: ((2, 5, 3), (6, 4, 1), (8, 7, 9))
700: ((1, 2, 3), (7, 4, 5), (6, 8, 9))
701: ((4, 2, 3), (7, 9, 1), (6, 8, 5))
702: ((6, 2, 1), (4, 5, 3), (9, 8, 7))
703: ((6, 1, 3), (7, 5, 4), (2, 9, 8))
704: ((6, 1, 3), (7, 5, 4), (2, 8, 9))
705: ((6, 2, 1), (4, 5, 3), (8, 7, 9))
706: ((5, 6, 3), (4, 2, 1), (9, 7, 8))
707: ((2, 6, 3), (5, 4, 1), (9, 7, 8))
708: ((6, 2, 1), (5, 4, 9), (7, 8, 3))
709: ((4, 3, 6), (2, 9, 1), (7, 5, 8))
710: ((2, 3, 6), (4, 9, 1), (7, 5, 8))
711: ((4, 3, 6), (2, 9, 1), (7, 8, 5))
712: ((4, 3, 6), (2, 5, 1), (9, 7, 8))
713: ((2, 3, 6), (4, 5, 1), (9, 7, 8))
714: ((4, 3, 6), (5, 2, 1), (9, 7, 8))
715: ((6, 2, 1), (4, 5, 9), (7, 8, 3))
716: ((2, 3, 6), (4, 9, 1), (7, 8, 5))
717: ((2, 1, 3), (6, 5, 4), (7, 9, 8))
718: ((1, 2, 3), (6, 5, 4), (7, 9, 8))
719: ((2, 1, 3), (6, 5, 4), (7, 8, 9))
720: ((6, 2, 3), (7, 4, 1), (9, 8, 5))
721: ((1, 2, 3), (6, 5, 4), (7, 8, 9))
722: ((6, 4, 3), (9, 2, 1), (7, 5, 8))
723: ((6, 2, 3), (9, 4, 1), (7, 5, 8))
724: ((6, 4, 3), (9, 5, 1), (7, 2, 8))
725: ((6, 4, 3), (9, 2, 1), (7, 8, 5))
726: ((6, 2, 3), (9, 4, 1), (7, 8, 5))
727: ((6, 4, 1), (9, 2, 3), (7, 5, 8))
728: ((6, 2, 1), (9, 4, 3), (7, 5, 8))
729: ((6, 4, 3), (9, 2, 1), (5, 7, 8))
730: ((6, 2, 3), (9, 4, 1), (5, 7, 8))
731: ((6, 4, 1), (9, 5, 3), (7, 2, 8))
732: ((6, 4, 1), (9, 2, 3), (7, 8, 5))
733: ((4, 2, 3), (6, 8, 1), (9, 5, 7))
734: ((6, 2, 3), (5, 4, 1), (8, 9, 7))
735: ((6, 2, 3), (9, 5, 1), (7, 4, 8))
736: ((6, 5, 3), (9, 4, 1), (7, 2, 8))
737: ((6, 2, 1), (9, 4, 3), (7, 8, 5))
738: ((6, 2, 3), (4, 5, 1), (8, 9, 7))
739: ((2, 4, 6), (1, 5, 3), (7, 9, 8))
740: ((6, 2, 3), (1, 4, 9), (7, 8, 5))
741: ((2, 3, 6), (4, 8, 1), (7, 5, 9))
742: ((4, 2, 6), (5, 1, 3), (7, 9, 8))
743: ((1, 2, 6), (4, 5, 3), (7, 8, 9))
744: ((6, 4, 1), (2, 9, 8), (7, 5, 3))
745: ((7, 6, 3), (5, 4, 1), (2, 9, 8))
746: ((7, 6, 3), (5, 4, 1), (2, 8, 9))
747: ((4, 6, 3), (5, 7, 1), (2, 9, 8))
748: ((4, 6, 3), (5, 7, 1), (2, 8, 9))
749: ((4, 3, 6), (7, 5, 1), (2, 9, 8))
750: ((4, 3, 6), (7, 5, 1), (2, 8, 9))
751: ((7, 3, 6), (4, 5, 1), (2, 9, 8))
752: ((7, 3, 6), (4, 5, 1), (2, 8, 9))
753: ((5, 6, 3), (4, 7, 1), (2, 9, 8))
754: ((5, 6, 3), (4, 7, 1), (2, 8, 9))
755: ((4, 6, 3), (7, 9, 1), (2, 5, 8))
756: ((7, 6, 3), (4, 9, 1), (2, 5, 8))
757: ((4, 6, 3), (7, 9, 1), (2, 8, 5))
758: ((6, 2, 3), (1, 4, 5), (8, 7, 9))
759: ((6, 1, 2), (4, 5, 3), (7, 8, 9))
760: ((6, 1, 3), (2, 5, 4), (9, 7, 8))
761: ((6, 5, 3), (1, 4, 2), (7, 9, 8))
762: ((6, 5, 3), (1, 4, 2), (7, 8, 9))
763: ((2, 6, 3), (4, 8, 1), (9, 5, 7))
764: ((4, 6, 3), (7, 1, 5), (2, 9, 8))
765: ((4, 6, 3), (7, 1, 5), (2, 8, 9))
766: ((7, 6, 3), (4, 1, 5), (2, 9, 8))
767: ((7, 6, 3), (4, 1, 5), (2, 8, 9))
768: ((6, 2, 3), (1, 4, 5), (9, 8, 7))
769: ((6, 3, 4), (7, 9, 1), (2, 5, 8))
770: ((6, 3, 4), (7, 9, 1), (2, 8, 5))
771: ((6, 2, 1), (5, 4, 8), (7, 3, 9))
772: ((2, 6, 3), (4, 7, 1), (9, 8, 5))
773: ((6, 2, 1), (4, 5, 8), (7, 3, 9))
774: ((2, 6, 1), (4, 8, 3), (7, 5, 9))
775: ((6, 3, 4), (7, 1, 5), (2, 9, 8))
776: ((6, 3, 4), (7, 1, 5), (2, 8, 9))
777: ((4, 2, 3), (6, 7, 1), (9, 8, 5))
778: ((6, 3, 4), (5, 7, 1), (2, 9, 8))
779: ((6, 3, 4), (5, 7, 1), (2, 8, 9))
780: ((1, 2, 3), (5, 4, 6), (7, 8, 9))
781: ((2, 1, 3), (4, 5, 6), (7, 8, 9))
782: ((1, 6, 3), (2, 5, 4), (7, 9, 8))
783: ((1, 6, 3), (2, 5, 4), (7, 8, 9))
784: ((6, 2, 1), (7, 4, 3), (9, 5, 8))
785: ((1, 2, 5), (6, 4, 3), (7, 8, 9))
786: ((6, 1, 3), (2, 5, 9), (7, 4, 8))
787: ((6, 2, 9), (1, 4, 3), (7, 5, 8))
788: ((6, 4, 3), (2, 5, 9), (7, 1, 8))
789: ((6, 4, 3), (5, 2, 9), (7, 1, 8))
790: ((4, 3, 6), (2, 1, 5), (7, 9, 8))
791: ((4, 3, 6), (2, 1, 5), (7, 8, 9))
792: ((2, 3, 6), (4, 1, 5), (7, 9, 8))
793: ((4, 3, 6), (1, 2, 5), (7, 9, 8))
794: ((1, 3, 6), (4, 2, 5), (7, 9, 8))
795: ((2, 3, 6), (4, 1, 5), (7, 8, 9))
796: ((4, 3, 6), (1, 2, 5), (7, 8, 9))
797: ((1, 3, 6), (4, 2, 5), (7, 8, 9))
798: ((6, 5, 3), (2, 4, 9), (7, 1, 8))
799: ((6, 5, 3), (4, 2, 9), (7, 1, 8))
800: ((6, 2, 3), (5, 4, 9), (7, 1, 8))
801: ((6, 2, 3), (4, 5, 9), (7, 1, 8))
802: ((6, 4, 3), (2, 7, 1), (5, 9, 8))
803: ((2, 5, 3), (6, 4, 1), (9, 8, 7))
804: ((2, 5, 1), (6, 4, 3), (9, 7, 8))
805: ((6, 5, 1), (2, 4, 8), (7, 3, 9))
806: ((6, 5, 1), (4, 2, 8), (7, 3, 9))
807: ((2, 4, 3), (6, 1, 5), (9, 7, 8))
808: ((4, 2, 3), (6, 1, 5), (9, 7, 8))
809: ((2, 1, 3), (6, 4, 5), (9, 7, 8))
810: ((1, 2, 3), (6, 4, 5), (9, 7, 8))
811: ((2, 6, 1), (5, 4, 3), (7, 9, 8))
812: ((2, 6, 1), (5, 4, 3), (7, 8, 9))
813: ((2, 5, 6), (4, 1, 3), (7, 9, 8))
814: ((6, 3, 4), (2, 1, 5), (9, 7, 8))
815: ((6, 3, 4), (1, 2, 5), (9, 7, 8))
816: ((5, 3, 6), (4, 2, 1), (7, 9, 8))
817: ((5, 3, 6), (4, 2, 1), (7, 8, 9))
818: ((2, 3, 6), (5, 4, 1), (7, 9, 8))
819: ((2, 3, 6), (5, 4, 1), (7, 8, 9))
820: ((4, 2, 3), (7, 8, 1), (6, 5, 9))
821: ((6, 5, 3), (2, 4, 1), (8, 9, 7))
822: ((6, 5, 3), (4, 2, 1), (8, 9, 7))
823: ((4, 2, 1), (6, 8, 3), (7, 5, 9))
824: ((2, 3, 4), (7, 5, 1), (6, 9, 8))
825: ((2, 3, 4), (7, 5, 1), (6, 8, 9))
826: ((2, 3, 4), (6, 1, 5), (7, 9, 8))
827: ((2, 3, 4), (6, 1, 5), (7, 8, 9))
828: ((2, 3, 4), (6, 9, 1), (7, 5, 8))
829: ((2, 3, 4), (6, 9, 1), (7, 8, 5))
830: ((6, 4, 1), (2, 9, 3), (8, 7, 5))
831: ((6, 4, 5), (2, 3, 1), (7, 9, 8))
832: ((6, 4, 5), (2, 3, 1), (7, 8, 9))
833: ((2, 4, 1), (6, 5, 3), (8, 7, 9))
834: ((4, 2, 1), (6, 5, 3), (8, 7, 9))
835: ((6, 3, 5), (2, 4, 1), (8, 7, 9))
836: ((6, 3, 5), (4, 2, 1), (8, 7, 9))
837: ((4, 6, 1), (7, 2, 3), (5, 9, 8))
838: ((4, 6, 1), (7, 2, 3), (5, 8, 9))
839: ((2, 1, 4), (6, 3, 5), (7, 9, 8))
840: ((1, 2, 4), (6, 3, 5), (7, 9, 8))
841: ((2, 1, 4), (6, 5, 3), (7, 9, 8))
842: ((2, 1, 4), (6, 3, 5), (7, 8, 9))
843: ((1, 2, 4), (6, 5, 3), (7, 9, 8))
844: ((1, 2, 4), (6, 3, 5), (7, 8, 9))
845: ((6, 3, 4), (2, 9, 1), (5, 8, 7))
846: ((4, 6, 1), (2, 5, 3), (9, 8, 7))
847: ((2, 6, 1), (4, 5, 3), (9, 8, 7))
848: ((6, 3, 4), (2, 1, 5), (9, 8, 7))
849: ((4, 5, 3), (2, 6, 1), (9, 8, 7))
850: ((2, 5, 3), (4, 6, 1), (9, 8, 7))
851: ((4, 6, 1), (2, 5, 3), (8, 7, 9))
852: ((2, 6, 1), (4, 5, 3), (8, 7, 9))
853: ((6, 1, 4), (2, 3, 5), (9, 7, 8))
854: ((6, 1, 4), (2, 5, 3), (9, 7, 8))
855: ((4, 5, 1), (2, 6, 3), (9, 7, 8))
856: ((2, 5, 1), (4, 6, 3), (9, 7, 8))
857: ((2, 4, 3), (6, 1, 5), (9, 8, 7))
858: ((4, 2, 3), (6, 1, 5), (9, 8, 7))
859: ((6, 4, 1), (2, 5, 9), (8, 7, 3))
860: ((6, 4, 1), (2, 8, 3), (5, 7, 9))
861: ((6, 4, 1), (2, 7, 3), (5, 9, 8))
862: ((6, 4, 1), (2, 7, 3), (5, 8, 9))
863: ((6, 4, 1), (2, 9, 3), (5, 8, 7))
864: ((6, 5, 4), (2, 1, 3), (9, 7, 8))
865: ((6, 5, 4), (2, 3, 1), (9, 8, 7))
866: ((4, 1, 6), (2, 3, 5), (7, 9, 8))
867: ((4, 1, 6), (2, 3, 5), (7, 8, 9))
868: ((2, 1, 6), (4, 3, 5), (7, 9, 8))
869: ((1, 2, 6), (4, 3, 5), (7, 9, 8))
870: ((6, 4, 1), (7, 5, 3), (8, 2, 9))
871: ((6, 4, 3), (2, 8, 1), (9, 7, 5))
872: ((6, 4, 1), (7, 2, 3), (8, 5, 9))
873: ((6, 1, 4), (7, 3, 5), (2, 9, 8))
874: ((6, 1, 4), (7, 5, 3), (2, 9, 8))
875: ((6, 1, 4), (7, 3, 5), (2, 8, 9))
876: ((6, 5, 3), (2, 1, 4), (8, 7, 9))
877: ((6, 1, 3), (2, 5, 4), (8, 7, 9))
878: ((6, 3, 1), (2, 5, 4), (8, 7, 9))
879: ((2, 4, 1), (6, 7, 3), (9, 5, 8))
880: ((4, 2, 1), (6, 7, 3), (9, 5, 8))
881: ((2, 4, 3), (5, 6, 1), (8, 7, 9))
882: ((4, 2, 3), (5, 6, 1), (8, 7, 9))
883: ((4, 6, 1), (7, 9, 3), (2, 5, 8))
884: ((6, 5, 4), (2, 3, 1), (8, 7, 9))
885: ((6, 4, 1), (2, 7, 3), (8, 5, 9))
886: ((6, 2, 4), (5, 1, 3), (7, 9, 8))
887: ((6, 2, 4), (5, 1, 3), (7, 8, 9))
888: ((6, 5, 3), (2, 8, 1), (7, 4, 9))
889: ((6, 5, 3), (2, 8, 1), (4, 7, 9))
890: ((6, 5, 1), (2, 8, 3), (7, 4, 9))
891: ((6, 4, 3), (2, 1, 9), (5, 8, 7))
892: ((4, 6, 1), (5, 7, 3), (2, 9, 8))
893: ((4, 6, 1), (5, 7, 3), (2, 8, 9))
894: ((6, 4, 1), (9, 2, 3), (5, 7, 8))
895: ((6, 2, 1), (9, 4, 3), (5, 7, 8))
896: ((6, 4, 3), (9, 2, 1), (5, 8, 7))
897: ((6, 2, 3), (9, 4, 1), (5, 8, 7))
898: ((6, 4, 3), (9, 2, 1), (8, 7, 5))
899: ((6, 2, 3), (9, 4, 1), (8, 7, 5))
900: ((4, 3, 6), (2, 5, 1), (9, 8, 7))
901: ((2, 3, 6), (4, 5, 1), (9, 8, 7))
902: ((4, 6, 1), (2, 7, 3), (9, 5, 8))
903: ((2, 6, 1), (4, 7, 3), (9, 5, 8))
904: ((2, 4, 3), (6, 9, 1), (8, 7, 5))
905: ((4, 2, 3), (6, 9, 1), (8, 7, 5))
906: ((2, 4, 3), (6, 1, 5), (8, 7, 9))
907: ((4, 2, 3), (6, 1, 5), (8, 7, 9))
908: ((6, 5, 4), (7, 1, 3), (2, 9, 8))
909: ((6, 5, 4), (7, 1, 3), (2, 8, 9))
910: ((4, 6, 3), (2, 9, 1), (8, 7, 5))
911: ((2, 6, 3), (4, 9, 1), (8, 7, 5))
912: ((6, 4, 3), (5, 1, 2), (8, 7, 9))
913: ((6, 4, 3), (1, 5, 2), (8, 7, 9))
914: ((2, 4, 1), (7, 9, 3), (6, 5, 8))
915: ((4, 2, 1), (7, 9, 3), (6, 5, 8))
916: ((2, 4, 1), (5, 7, 3), (6, 9, 8))
917: ((2, 4, 1), (5, 7, 3), (6, 8, 9))
918: ((4, 2, 1), (5, 7, 3), (6, 9, 8))
919: ((2, 4, 1), (7, 6, 3), (5, 9, 8))
920: ((2, 4, 1), (7, 6, 3), (5, 8, 9))
921: ((4, 2, 1), (7, 6, 3), (5, 9, 8))
922: ((6, 4, 1), (7, 9, 3), (5, 2, 8))
923: ((6, 4, 1), (5, 9, 3), (7, 8, 2))
924: ((6, 4, 3), (5, 9, 1), (8, 7, 2))
925: ((2, 4, 3), (6, 9, 1), (5, 8, 7))
926: ((4, 2, 3), (6, 9, 1), (5, 8, 7))
927: ((4, 6, 3), (2, 1, 5), (9, 8, 7))
928: ((2, 6, 3), (4, 1, 5), (9, 8, 7))
929: ((4, 5, 3), (2, 6, 1), (8, 7, 9))
930: ((2, 5, 3), (4, 6, 1), (8, 7, 9))
931: ((2, 4, 1), (6, 9, 3), (5, 7, 8))
932: ((4, 2, 1), (6, 9, 3), (5, 7, 8))
933: ((4, 6, 3), (2, 9, 1), (5, 8, 7))
934: ((2, 6, 3), (4, 9, 1), (5, 8, 7))
935: ((4, 6, 1), (2, 9, 3), (5, 7, 8))
936: ((2, 6, 1), (4, 9, 3), (5, 7, 8))
937: ((6, 2, 3), (4, 8, 1), (7, 5, 9))
938: ((6, 4, 1), (8, 2, 3), (7, 5, 9))
939: ((6, 2, 1), (8, 4, 3), (7, 5, 9))
940: ((6, 4, 1), (2, 3, 5), (9, 8, 7))
941: ((6, 4, 5), (2, 1, 3), (8, 7, 9))
942: ((2, 4, 3), (5, 6, 1), (9, 8, 7))
943: ((4, 2, 3), (5, 6, 1), (9, 8, 7))
944: ((2, 4, 1), (5, 6, 3), (9, 7, 8))
945: ((4, 2, 1), (5, 6, 3), (9, 7, 8))
946: ((6, 2, 1), (4, 3, 5), (7, 9, 8))
947: ((6, 4, 5), (2, 1, 3), (9, 8, 7))
948: ((6, 4, 3), (2, 1, 9), (8, 7, 5))
949: ((6, 4, 1), (2, 3, 5), (8, 7, 9))
950: ((4, 6, 3), (2, 1, 5), (8, 7, 9))
951: ((2, 6, 3), (4, 1, 5), (8, 7, 9))
952: ((6, 4, 3), (5, 8, 1), (2, 7, 9))
953: ((2, 4, 1), (6, 5, 3), (9, 8, 7))
954: ((4, 2, 1), (6, 5, 3), (9, 8, 7))
955: ((6, 4, 1), (5, 8, 3), (7, 2, 9))
956: ((4, 5, 1), (7, 6, 3), (2, 9, 8))
957: ((4, 5, 1), (7, 6, 3), (2, 8, 9))
958: ((5, 2, 1), (6, 4, 3), (7, 9, 8))
959: ((5, 2, 1), (6, 4, 3), (7, 8, 9))
960: ((4, 3, 6), (2, 5, 1), (8, 7, 9))
961: ((2, 3, 6), (4, 5, 1), (8, 7, 9))
962: ((6, 3, 4), (2, 9, 1), (8, 7, 5))
963: ((6, 4, 1), (2, 5, 3), (8, 9, 7))
964: ((4, 1, 3), (5, 2, 6), (7, 9, 8))
965: ((6, 3, 4), (2, 1, 5), (8, 7, 9))
966: ((2, 5, 4), (6, 1, 3), (7, 9, 8))
967: ((2, 5, 4), (6, 1, 3), (7, 8, 9))
968: ((2, 3, 4), (6, 5, 1), (8, 7, 9))
969: ((6, 8, 3), (2, 4, 1), (7, 5, 9))
970: ((6, 8, 3), (4, 2, 1), (7, 5, 9))
971: ((6, 8, 3), (2, 5, 1), (7, 4, 9))
972: ((6, 8, 1), (2, 4, 3), (7, 5, 9))
973: ((6, 8, 1), (4, 2, 3), (7, 5, 9))
974: ((6, 2, 4), (1, 5, 3), (7, 8, 9))
975: ((6, 4, 2), (5, 1, 3), (8, 7, 9))
976: ((6, 3, 1), (2, 5, 4), (9, 7, 8))
977: ((6, 3, 1), (5, 2, 4), (9, 7, 8))
978: ((6, 3, 1), (2, 4, 5), (9, 7, 8))
979: ((6, 3, 1), (4, 2, 5), (9, 7, 8))
980: ((6, 3, 1), (2, 5, 4), (9, 8, 7))
981: ((6, 3, 5), (2, 4, 1), (9, 7, 8))
982: ((6, 3, 5), (4, 2, 1), (9, 7, 8))
983: ((6, 3, 5), (2, 4, 1), (9, 8, 7))
984: ((6, 3, 5), (4, 2, 1), (9, 8, 7))
985: ((6, 1, 3), (5, 2, 4), (9, 7, 8))
986: ((6, 1, 3), (2, 5, 4), (9, 8, 7))
987: ((6, 1, 3), (2, 8, 4), (7, 5, 9))
988: ((6, 4, 3), (2, 1, 8), (9, 7, 5))
989: ((6, 4, 3), (1, 2, 8), (9, 7, 5))
990: ((6, 1, 3), (2, 4, 8), (9, 7, 5))
991: ((6, 1, 3), (4, 2, 8), (9, 7, 5))
992: ((6, 2, 3), (1, 4, 8), (9, 7, 5))
993: ((6, 4, 2), (7, 5, 3), (1, 9, 8))
994: ((6, 5, 3), (2, 1, 4), (9, 7, 8))
995: ((6, 5, 3), (1, 2, 4), (9, 7, 8))
996: ((6, 2, 3), (1, 5, 4), (9, 7, 8))
997: ((6, 5, 3), (2, 1, 4), (9, 8, 7))
998: ((6, 4, 5), (7, 2, 3), (1, 9, 8))
999: ((6, 4, 5), (7, 2, 3), (1, 8, 9))
1000: ((6, 2, 5), (7, 4, 3), (1, 9, 8))
1001: ((2, 4, 5), (6, 1, 3), (9, 7, 8))
1002: ((4, 2, 5), (6, 1, 3), (9, 7, 8))
1003: ((5, 2, 3), (7, 4, 1), (6, 9, 8))
1004: ((5, 2, 3), (7, 4, 1), (6, 8, 9))
1005: ((4, 6, 5), (7, 1, 3), (2, 9, 8))
1006: ((4, 6, 5), (7, 1, 3), (2, 8, 9))
1007: ((6, 5, 2), (1, 4, 3), (7, 9, 8))
1008: ((4, 1, 5), (2, 6, 3), (7, 9, 8))
1009: ((4, 1, 5), (2, 6, 3), (7, 8, 9))
1010: ((2, 1, 5), (4, 6, 3), (7, 9, 8))
1011: ((1, 2, 5), (4, 6, 3), (7, 9, 8))
1012: ((6, 5, 3), (2, 9, 1), (7, 4, 8))
1013: ((6, 5, 3), (2, 9, 1), (4, 7, 8))
1014: ((6, 5, 1), (2, 9, 3), (7, 4, 8))
1015: ((6, 5, 1), (2, 9, 3), (4, 7, 8))
1016: ((6, 5, 3), (2, 9, 1), (4, 8, 7))
1017: ((6, 5, 3), (2, 9, 1), (7, 8, 4))
1018: ((6, 5, 1), (2, 9, 3), (7, 8, 4))
1019: ((6, 5, 3), (2, 9, 1), (8, 7, 4))
1020: ((6, 5, 3), (2, 1, 9), (7, 4, 8))
1021: ((6, 5, 3), (1, 2, 9), (7, 4, 8))
1022: ((6, 2, 3), (1, 5, 9), (7, 4, 8))
1023: ((6, 5, 3), (2, 1, 9), (4, 7, 8))
1024: ((6, 1, 3), (2, 5, 9), (4, 7, 8))
1025: ((6, 9, 3), (2, 4, 1), (7, 5, 8))
1026: ((6, 9, 3), (4, 2, 1), (7, 5, 8))
1027: ((6, 9, 3), (2, 4, 1), (7, 8, 5))
1028: ((6, 9, 3), (4, 2, 1), (7, 8, 5))
1029: ((6, 9, 3), (2, 5, 1), (7, 4, 8))
1030: ((6, 9, 1), (2, 4, 3), (7, 5, 8))
1031: ((6, 9, 1), (4, 2, 3), (7, 5, 8))
1032: ((6, 9, 3), (2, 4, 1), (5, 7, 8))
1033: ((6, 9, 3), (4, 2, 1), (5, 7, 8))
1034: ((6, 9, 3), (7, 2, 1), (4, 5, 8))
1035: ((6, 9, 3), (4, 5, 1), (7, 2, 8))
1036: ((6, 9, 3), (5, 2, 1), (7, 4, 8))
1037: ((6, 9, 3), (2, 5, 1), (4, 7, 8))
1038: ((6, 9, 1), (2, 4, 3), (7, 8, 5))
1039: ((6, 9, 1), (4, 2, 3), (7, 8, 5))
1040: ((6, 9, 1), (2, 5, 3), (7, 4, 8))
1041: ((6, 9, 3), (2, 4, 1), (8, 7, 5))
1042: ((6, 9, 3), (4, 2, 1), (8, 7, 5))
1043: ((6, 9, 1), (2, 4, 3), (5, 7, 8))
1044: ((6, 9, 1), (4, 2, 3), (5, 7, 8))
1045: ((6, 9, 3), (2, 4, 1), (5, 8, 7))
1046: ((6, 9, 3), (4, 2, 1), (5, 8, 7))
1047: ((6, 4, 3), (5, 1, 2), (9, 7, 8))
1048: ((6, 4, 2), (5, 1, 3), (9, 7, 8))
1049: ((6, 1, 3), (5, 4, 2), (9, 7, 8))
1050: ((6, 1, 3), (4, 5, 2), (9, 7, 8))
1051: ((6, 4, 2), (1, 5, 3), (9, 7, 8))
1052: ((6, 4, 3), (5, 1, 2), (9, 8, 7))
1053: ((6, 4, 3), (1, 5, 2), (9, 8, 7))
1054: ((6, 4, 3), (5, 1, 9), (7, 2, 8))
1055: ((6, 1, 3), (5, 4, 9), (7, 2, 8))
1056: ((6, 1, 3), (4, 5, 9), (7, 2, 8))
1057: ((2, 3, 1), (6, 4, 5), (7, 9, 8))
1058: ((2, 3, 1), (6, 4, 5), (7, 8, 9))
1059: ((6, 1, 3), (2, 9, 4), (7, 8, 5))
1060: ((2, 4, 5), (1, 6, 3), (7, 9, 8))
1061: ((2, 4, 5), (1, 6, 3), (7, 8, 9))
1062: ((4, 2, 5), (1, 6, 3), (7, 9, 8))
1063: ((6, 4, 1), (2, 5, 8), (9, 7, 3))
1064: ((6, 4, 1), (5, 2, 8), (9, 7, 3))
1065: ((6, 5, 1), (2, 4, 8), (9, 7, 3))
1066: ((6, 5, 1), (4, 2, 8), (9, 7, 3))
1067: ((6, 2, 1), (5, 4, 8), (9, 7, 3))
1068: ((6, 2, 1), (4, 5, 8), (9, 7, 3))
1069: ((1, 6, 5), (2, 4, 3), (7, 9, 8))
1070: ((1, 6, 5), (2, 4, 3), (7, 8, 9))
1071: ((4, 6, 2), (1, 5, 3), (7, 9, 8))
1072: ((1, 6, 2), (4, 5, 3), (7, 9, 8))
1073: ((6, 3, 1), (2, 4, 9), (7, 5, 8))
1074: ((6, 3, 1), (4, 2, 9), (7, 5, 8))
1075: ((1, 4, 2), (6, 5, 3), (7, 9, 8))
1076: ((6, 4, 5), (1, 7, 3), (2, 9, 8))
1077: ((6, 4, 5), (1, 7, 3), (2, 8, 9))
1078: ((4, 2, 3), (1, 5, 6), (7, 8, 9))
1079: ((5, 2, 3), (6, 4, 1), (9, 7, 8))
1080: ((6, 4, 3), (7, 1, 9), (2, 5, 8))
1081: ((6, 1, 3), (7, 4, 9), (2, 5, 8))
1082: ((6, 4, 3), (7, 1, 9), (2, 8, 5))
1083: ((4, 6, 5), (2, 1, 3), (9, 7, 8))
1084: ((2, 6, 5), (4, 1, 3), (9, 7, 8))
1085: ((6, 2, 1), (7, 5, 3), (4, 8, 9))
1086: ((1, 4, 5), (6, 2, 3), (7, 9, 8))
1087: ((1, 4, 5), (6, 2, 3), (7, 8, 9))
1088: ((4, 6, 3), (2, 1, 9), (7, 5, 8))
1089: ((2, 6, 3), (4, 1, 9), (7, 5, 8))
1090: ((4, 6, 3), (1, 2, 9), (7, 5, 8))
1091: ((1, 6, 3), (4, 2, 9), (7, 5, 8))
1092: ((4, 6, 3), (2, 1, 9), (7, 8, 5))
1093: ((2, 6, 3), (4, 1, 9), (7, 8, 5))
1094: ((2, 4, 5), (7, 1, 3), (6, 9, 8))
1095: ((2, 4, 5), (7, 1, 3), (6, 8, 9))
1096: ((4, 2, 5), (7, 1, 3), (6, 9, 8))
1097: ((6, 4, 2), (5, 1, 3), (9, 8, 7))
1098: ((6, 3, 1), (7, 4, 5), (2, 9, 8))
1099: ((6, 3, 1), (7, 4, 5), (2, 8, 9))
1100: ((6, 4, 3), (5, 9, 1), (2, 7, 8))
1101: ((6, 4, 1), (5, 9, 3), (2, 7, 8))
1102: ((6, 4, 3), (5, 9, 1), (2, 8, 7))
1103: ((6, 1, 2), (5, 4, 3), (9, 7, 8))
1104: ((6, 1, 2), (4, 5, 3), (9, 7, 8))
1105: ((2, 4, 3), (6, 1, 9), (7, 5, 8))
1106: ((4, 2, 3), (6, 1, 9), (7, 5, 8))
1107: ((2, 1, 3), (6, 4, 9), (7, 5, 8))
1108: ((1, 2, 3), (6, 4, 9), (7, 5, 8))
1109: ((2, 4, 3), (6, 1, 9), (7, 8, 5))
1110: ((4, 2, 3), (6, 1, 9), (7, 8, 5))
1111: ((6, 2, 3), (4, 9, 1), (7, 5, 8))
1112: ((6, 3, 1), (5, 4, 2), (7, 9, 8))
1113: ((6, 3, 1), (4, 5, 2), (7, 9, 8))
1114: ((6, 3, 1), (5, 4, 2), (7, 8, 9))
1115: ((6, 3, 1), (4, 5, 2), (7, 8, 9))
1116: ((6, 1, 2), (7, 4, 3), (5, 9, 8))
1117: ((6, 3, 4), (2, 1, 9), (7, 5, 8))
1118: ((6, 3, 4), (1, 2, 9), (7, 5, 8))
1119: ((6, 3, 4), (2, 1, 9), (7, 8, 5))
1120: ((6, 1, 4), (2, 3, 9), (7, 5, 8))
1121: ((5, 2, 4), (6, 3, 1), (7, 9, 8))
1122: ((5, 2, 4), (6, 3, 1), (7, 8, 9))
1123: ((2, 3, 4), (6, 5, 1), (9, 7, 8))
1124: ((2, 3, 4), (6, 5, 1), (9, 8, 7))
1125: ((6, 3, 4), (5, 1, 2), (7, 9, 8))
1126: ((6, 3, 4), (5, 1, 2), (7, 8, 9))
1127: ((6, 1, 4), (5, 3, 2), (7, 9, 8))
1128: ((6, 1, 4), (5, 2, 3), (7, 9, 8))
1129: ((6, 1, 4), (5, 3, 2), (7, 8, 9))
1130: ((6, 5, 3), (7, 9, 1), (2, 4, 8))
1131: ((6, 5, 1), (7, 9, 3), (2, 4, 8))
1132: ((6, 3, 1), (7, 5, 4), (2, 9, 8))
1133: ((6, 3, 1), (7, 5, 4), (2, 8, 9))
1134: ((6, 2, 5), (4, 3, 1), (9, 7, 8))
1135: ((6, 3, 1), (7, 2, 4), (5, 9, 8))
1136: ((6, 3, 1), (7, 2, 4), (5, 8, 9))
1137: ((6, 1, 3), (7, 2, 4), (5, 9, 8))
1138: ((6, 2, 1), (5, 3, 4), (9, 7, 8))
1139: ((6, 5, 1), (2, 3, 4), (9, 7, 8))
1140: ((6, 3, 1), (2, 7, 4), (9, 5, 8))
1141: ((6, 1, 3), (2, 7, 4), (9, 5, 8))
1142: ((6, 8, 3), (2, 4, 1), (5, 7, 9))
1143: ((6, 8, 3), (4, 2, 1), (5, 7, 9))
1144: ((6, 3, 4), (1, 2, 5), (8, 7, 9))
1145: ((4, 6, 1), (2, 3, 5), (9, 7, 8))
1146: ((2, 6, 1), (4, 3, 5), (9, 7, 8))
1147: ((6, 3, 4), (7, 2, 1), (9, 8, 5))
1148: ((5, 2, 1), (4, 6, 3), (7, 9, 8))
1149: ((6, 5, 3), (4, 1, 2), (7, 9, 8))
1150: ((6, 5, 3), (4, 1, 2), (7, 8, 9))
1151: ((6, 5, 2), (4, 1, 3), (7, 9, 8))
1152: ((6, 5, 3), (7, 1, 2), (4, 9, 8))
1153: ((6, 5, 2), (4, 1, 3), (7, 8, 9))
1154: ((6, 5, 3), (7, 1, 2), (4, 8, 9))
1155: ((6, 1, 3), (7, 5, 2), (4, 9, 8))
1156: ((6, 5, 2), (7, 1, 3), (4, 9, 8))
1157: ((4, 6, 3), (1, 2, 5), (8, 7, 9))
1158: ((1, 6, 3), (4, 2, 5), (8, 7, 9))
1159: ((6, 4, 5), (1, 2, 3), (9, 8, 7))
1160: ((1, 4, 3), (6, 2, 8), (7, 9, 5))
1161: ((1, 2, 3), (6, 4, 8), (7, 9, 5))
1162: ((1, 4, 3), (6, 2, 8), (7, 5, 9))
1163: ((6, 4, 3), (7, 1, 8), (2, 9, 5))
1164: ((6, 4, 3), (7, 1, 8), (2, 5, 9))
1165: ((6, 1, 3), (7, 4, 8), (2, 9, 5))
1166: ((6, 1, 3), (7, 4, 8), (2, 5, 9))
1167: ((4, 6, 3), (2, 1, 8), (7, 9, 5))
1168: ((2, 6, 3), (4, 1, 8), (7, 9, 5))
1169: ((4, 6, 3), (2, 1, 8), (7, 5, 9))
1170: ((4, 6, 3), (1, 2, 8), (7, 9, 5))
1171: ((1, 6, 3), (4, 2, 8), (7, 9, 5))
1172: ((2, 6, 3), (4, 1, 8), (7, 5, 9))
1173: ((4, 6, 3), (1, 2, 8), (7, 5, 9))
1174: ((1, 6, 3), (4, 2, 8), (7, 5, 9))
1175: ((6, 2, 5), (7, 3, 1), (4, 9, 8))
1176: ((2, 4, 3), (6, 7, 1), (8, 5, 9))
1177: ((4, 2, 3), (6, 7, 1), (8, 5, 9))
1178: ((6, 3, 5), (7, 4, 1), (2, 9, 8))
1179: ((6, 3, 5), (7, 4, 1), (2, 8, 9))
1180: ((6, 3, 5), (4, 7, 1), (2, 9, 8))
1181: ((6, 3, 5), (4, 7, 1), (2, 8, 9))
1182: ((4, 6, 1), (7, 2, 3), (9, 5, 8))
1183: ((6, 4, 1), (7, 2, 3), (9, 8, 5))
1184: ((6, 4, 3), (1, 2, 9), (5, 8, 7))
1185: ((4, 1, 6), (2, 9, 3), (7, 5, 8))
1186: ((2, 1, 6), (4, 9, 3), (7, 5, 8))
1187: ((1, 2, 6), (4, 9, 3), (7, 5, 8))
1188: ((4, 1, 3), (2, 9, 6), (7, 5, 8))
1189: ((6, 5, 3), (1, 2, 4), (8, 7, 9))
1190: ((6, 2, 3), (1, 5, 4), (8, 7, 9))
1191: ((6, 1, 4), (7, 5, 3), (2, 8, 9))
1192: ((2, 4, 1), (7, 3, 5), (6, 9, 8))
1193: ((2, 4, 1), (7, 3, 5), (6, 8, 9))
1194: ((4, 2, 1), (7, 3, 5), (6, 9, 8))
1195: ((6, 5, 4), (1, 2, 3), (9, 7, 8))
1196: ((6, 2, 4), (1, 5, 3), (9, 7, 8))
1197: ((1, 5, 3), (6, 2, 4), (7, 9, 8))
1198: ((1, 5, 3), (6, 2, 4), (7, 8, 9))
1199: ((6, 5, 3), (7, 1, 4), (2, 9, 8))
1200: ((6, 5, 3), (7, 1, 4), (2, 8, 9))
1201: ((6, 3, 4), (1, 2, 5), (9, 8, 7))
1202: ((2, 1, 4), (6, 5, 3), (7, 8, 9))
1203: ((4, 6, 3), (2, 7, 1), (8, 5, 9))
1204: ((2, 6, 3), (4, 7, 1), (8, 5, 9))
1205: ((2, 3, 4), (6, 9, 1), (5, 7, 8))
1206: ((2, 3, 4), (1, 6, 5), (7, 9, 8))
1207: ((2, 3, 4), (1, 5, 6), (7, 9, 8))
1208: ((2, 3, 4), (1, 6, 5), (7, 8, 9))
1209: ((2, 4, 3), (6, 8, 1), (5, 7, 9))
1210: ((4, 2, 3), (6, 8, 1), (5, 7, 9))
1211: ((5, 2, 6), (4, 3, 1), (7, 9, 8))
1212: ((4, 3, 1), (2, 5, 8), (7, 9, 6))
1213: ((2, 3, 1), (4, 5, 8), (7, 9, 6))
1214: ((4, 1, 3), (2, 5, 8), (7, 9, 6))
1215: ((2, 1, 3), (4, 6, 5), (9, 7, 8))
1216: ((1, 2, 3), (4, 6, 5), (9, 7, 8))
1217: ((2, 4, 3), (1, 6, 5), (9, 7, 8))
1218: ((2, 4, 3), (1, 5, 6), (9, 7, 8))
1219: ((4, 2, 3), (1, 6, 5), (9, 7, 8))
1220: ((5, 6, 3), (2, 4, 1), (7, 9, 8))
1221: ((5, 6, 3), (2, 4, 1), (7, 8, 9))
1222: ((6, 2, 4), (7, 3, 1), (9, 5, 8))
1223: ((4, 2, 6), (1, 3, 5), (7, 9, 8))
1224: ((7, 4, 3), (6, 5, 1), (2, 9, 8))
1225: ((7, 4, 3), (6, 5, 1), (2, 8, 9))
1226: ((7, 5, 3), (6, 4, 1), (2, 9, 8))
1227: ((7, 5, 3), (6, 4, 1), (2, 8, 9))
1228: ((7, 4, 1), (6, 5, 3), (2, 9, 8))
1229: ((7, 4, 1), (6, 5, 3), (2, 8, 9))
1230: ((7, 4, 3), (5, 6, 1), (2, 9, 8))
1231: ((7, 4, 3), (5, 6, 1), (2, 8, 9))
1232: ((7, 4, 3), (6, 8, 1), (2, 5, 9))
1233: ((7, 4, 3), (6, 1, 5), (2, 9, 8))
1234: ((7, 4, 3), (6, 1, 5), (2, 8, 9))
1235: ((7, 1, 3), (6, 4, 5), (2, 9, 8))
1236: ((7, 1, 3), (6, 4, 5), (2, 8, 9))
1237: ((7, 4, 3), (6, 9, 1), (2, 5, 8))
1238: ((7, 4, 3), (6, 9, 1), (2, 8, 5))
1239: ((7, 5, 1), (6, 4, 3), (2, 9, 8))
1240: ((7, 5, 1), (6, 4, 3), (2, 8, 9))
1241: ((7, 4, 1), (5, 6, 3), (2, 9, 8))
1242: ((7, 4, 1), (5, 6, 3), (2, 8, 9))
1243: ((7, 4, 1), (6, 9, 3), (2, 5, 8))
1244: ((7, 4, 5), (6, 1, 3), (2, 9, 8))
1245: ((7, 4, 5), (6, 1, 3), (2, 8, 9))
1246: ((2, 4, 3), (7, 6, 1), (9, 5, 8))
1247: ((4, 2, 3), (7, 6, 1), (9, 5, 8))
1248: ((2, 4, 3), (7, 5, 1), (9, 6, 8))
1249: ((7, 4, 3), (2, 5, 1), (6, 9, 8))
1250: ((7, 4, 3), (2, 5, 1), (6, 8, 9))
1251: ((7, 4, 3), (5, 2, 1), (6, 9, 8))
1252: ((7, 4, 3), (5, 2, 1), (6, 8, 9))
1253: ((7, 5, 3), (2, 4, 1), (6, 9, 8))
1254: ((7, 5, 3), (4, 2, 1), (6, 9, 8))
1255: ((7, 5, 3), (2, 4, 1), (6, 8, 9))
1256: ((7, 2, 3), (5, 4, 1), (6, 9, 8))
1257: ((7, 4, 1), (2, 5, 3), (6, 9, 8))
1258: ((7, 4, 1), (2, 5, 3), (6, 8, 9))
1259: ((4, 5, 6), (7, 3, 1), (2, 9, 8))
1260: ((4, 5, 6), (7, 3, 1), (2, 8, 9))
1261: ((6, 4, 1), (2, 9, 8), (5, 7, 3))
1262: ((4, 3, 1), (7, 5, 6), (2, 9, 8))
1263: ((4, 3, 1), (7, 5, 6), (2, 8, 9))
1264: ((4, 1, 3), (7, 5, 6), (2, 9, 8))
1265: ((4, 6, 3), (5, 1, 2), (7, 9, 8))
1266: ((4, 6, 3), (5, 1, 2), (7, 8, 9))
1267: ((4, 6, 2), (5, 1, 3), (7, 9, 8))
1268: ((4, 6, 2), (5, 1, 3), (7, 8, 9))
1269: ((5, 6, 3), (4, 1, 2), (7, 9, 8))
1270: ((5, 6, 3), (4, 1, 2), (7, 8, 9))
1271: ((5, 6, 2), (4, 1, 3), (7, 9, 8))
1272: ((4, 1, 3), (7, 2, 5), (6, 9, 8))
1273: ((1, 6, 3), (7, 4, 5), (2, 9, 8))
1274: ((1, 6, 3), (7, 4, 5), (2, 8, 9))
1275: ((6, 5, 3), (2, 7, 1), (4, 9, 8))
1276: ((6, 5, 3), (2, 7, 1), (4, 8, 9))
1277: ((6, 4, 3), (7, 9, 1), (5, 8, 2))
1278: ((4, 6, 3), (5, 9, 1), (7, 2, 8))
1279: ((5, 6, 3), (4, 9, 1), (7, 2, 8))
1280: ((4, 6, 1), (5, 9, 3), (7, 2, 8))
1281: ((6, 4, 3), (5, 7, 1), (9, 2, 8))
1282: ((6, 4, 1), (5, 7, 3), (9, 2, 8))
1283: ((6, 4, 1), (7, 5, 3), (9, 2, 8))
1284: ((4, 1, 3), (2, 6, 5), (9, 7, 8))
1285: ((4, 1, 3), (2, 5, 6), (9, 7, 8))
1286: ((6, 3, 1), (2, 9, 4), (5, 7, 8))
1287: ((6, 1, 3), (2, 9, 4), (5, 7, 8))
1288: ((2, 3, 4), (7, 6, 1), (5, 9, 8))
1289: ((2, 3, 4), (7, 6, 1), (5, 8, 9))
1290: ((6, 4, 1), (7, 2, 8), (5, 9, 3))
1291: ((6, 2, 1), (7, 4, 8), (5, 9, 3))
1292: ((4, 6, 1), (2, 5, 8), (7, 9, 3))
1293: ((2, 6, 1), (4, 5, 8), (7, 9, 3))
1294: ((4, 6, 1), (5, 2, 8), (7, 9, 3))
1295: ((4, 6, 1), (7, 3, 5), (2, 9, 8))
1296: ((4, 6, 1), (7, 3, 5), (2, 8, 9))
1297: ((4, 1, 6), (7, 5, 3), (2, 9, 8))
1298: ((4, 1, 6), (7, 5, 3), (2, 8, 9))
1299: ((6, 2, 4), (5, 3, 1), (8, 7, 9))
1300: ((7, 6, 3), (2, 5, 1), (4, 9, 8))
1301: ((7, 6, 3), (2, 5, 1), (4, 8, 9))
1302: ((6, 4, 1), (7, 5, 8), (2, 9, 3))
1303: ((6, 5, 1), (7, 4, 8), (2, 9, 3))
1304: ((2, 3, 4), (5, 1, 6), (7, 9, 8))
1305: ((2, 3, 4), (5, 1, 6), (7, 8, 9))
1306: ((4, 5, 3), (2, 8, 1), (7, 6, 9))
1307: ((2, 5, 3), (4, 8, 1), (7, 6, 9))
1308: ((4, 1, 6), (2, 5, 8), (7, 9, 3))
1309: ((2, 1, 6), (4, 5, 8), (7, 9, 3))
1310: ((1, 2, 6), (4, 5, 8), (7, 9, 3))
1311: ((4, 6, 1), (2, 8, 5), (7, 9, 3))
1312: ((2, 6, 1), (4, 8, 5), (7, 9, 3))
1313: ((6, 4, 1), (7, 8, 5), (2, 9, 3))
1314: ((6, 4, 3), (8, 2, 1), (5, 7, 9))
1315: ((6, 2, 3), (8, 4, 1), (5, 7, 9))
1316: ((1, 6, 3), (2, 4, 5), (9, 7, 8))
1317: ((4, 6, 3), (7, 9, 1), (5, 2, 8))
1318: ((4, 5, 3), (2, 1, 8), (7, 9, 6))
1319: ((2, 5, 3), (4, 1, 8), (7, 9, 6))
1320: ((2, 4, 3), (7, 1, 6), (5, 9, 8))
1321: ((2, 4, 3), (7, 1, 6), (5, 8, 9))
1322: ((4, 2, 3), (7, 1, 6), (5, 9, 8))
1323: ((4, 5, 3), (1, 2, 8), (7, 9, 6))
1324: ((1, 5, 3), (4, 2, 8), (7, 9, 6))
1325: ((4, 2, 3), (1, 5, 8), (7, 9, 6))
1326: ((1, 6, 3), (5, 4, 2), (7, 9, 8))
1327: ((1, 6, 3), (5, 4, 2), (7, 8, 9))
1328: ((1, 6, 2), (5, 4, 3), (7, 9, 8))
1329: ((4, 1, 3), (7, 6, 5), (2, 9, 8))
1330: ((4, 1, 3), (7, 6, 5), (2, 8, 9))
1331: ((4, 3, 1), (2, 9, 6), (7, 5, 8))
1332: ((2, 3, 1), (4, 9, 6), (7, 5, 8))
1333: ((4, 1, 3), (5, 6, 2), (7, 9, 8))
1334: ((4, 1, 3), (5, 6, 2), (7, 8, 9))
1335: ((4, 1, 2), (5, 6, 3), (7, 9, 8))
1336: ((4, 6, 3), (7, 1, 2), (5, 9, 8))
1337: ((4, 6, 3), (7, 1, 2), (5, 8, 9))
1338: ((4, 6, 2), (7, 1, 3), (5, 9, 8))
1339: ((2, 4, 3), (7, 5, 1), (8, 6, 9))
1340: ((4, 2, 3), (7, 5, 1), (8, 6, 9))
1341: ((7, 5, 3), (4, 2, 1), (6, 8, 9))
1342: ((7, 4, 3), (5, 1, 6), (2, 9, 8))
1343: ((7, 4, 3), (5, 1, 6), (2, 8, 9))
1344: ((7, 4, 3), (1, 5, 6), (2, 9, 8))
1345: ((7, 4, 3), (1, 6, 5), (2, 9, 8))
1346: ((1, 4, 3), (7, 6, 5), (2, 9, 8))
1347: ((7, 4, 3), (1, 6, 5), (2, 8, 9))
1348: ((7, 5, 1), (4, 6, 3), (2, 9, 8))
1349: ((2, 4, 3), (7, 5, 1), (9, 8, 6))
1350: ((7, 1, 3), (4, 6, 5), (2, 9, 8))
1351: ((2, 4, 1), (6, 5, 8), (7, 9, 3))
1352: ((4, 2, 1), (6, 5, 8), (7, 9, 3))
1353: ((2, 5, 1), (6, 4, 8), (7, 9, 3))
1354: ((7, 4, 1), (6, 3, 5), (2, 9, 8))
1355: ((7, 4, 1), (6, 3, 5), (2, 8, 9))
1356: ((2, 4, 1), (6, 8, 5), (7, 9, 3))
1357: ((4, 2, 1), (6, 8, 5), (7, 9, 3))
1358: ((2, 5, 1), (4, 6, 8), (7, 9, 3))
1359: ((4, 1, 3), (6, 2, 5), (9, 7, 8))
1360: ((4, 3, 6), (2, 9, 1), (5, 7, 8))
1361: ((2, 3, 6), (4, 9, 1), (5, 7, 8))
1362: ((2, 6, 3), (7, 4, 1), (5, 9, 8))
1363: ((2, 6, 3), (7, 4, 1), (5, 8, 9))
1364: ((4, 2, 6), (1, 5, 3), (7, 9, 8))
1365: ((6, 2, 4), (1, 3, 5), (9, 7, 8))
1366: ((1, 4, 3), (2, 6, 5), (9, 7, 8))
1367: ((4, 3, 1), (2, 5, 6), (9, 7, 8))
1368: ((2, 3, 1), (4, 5, 6), (9, 7, 8))
1369: ((2, 5, 4), (7, 3, 1), (6, 9, 8))
1370: ((2, 5, 4), (7, 3, 1), (6, 8, 9))
1371: ((4, 5, 3), (2, 1, 6), (9, 7, 8))
1372: ((2, 5, 3), (4, 1, 6), (9, 7, 8))
1373: ((2, 4, 3), (5, 8, 1), (7, 6, 9))
1374: ((4, 2, 3), (5, 8, 1), (7, 6, 9))
1375: ((4, 5, 3), (1, 2, 6), (9, 7, 8))
1376: ((1, 5, 3), (4, 2, 6), (9, 7, 8))
1377: ((4, 2, 3), (1, 5, 6), (9, 7, 8))
1378: ((4, 5, 6), (2, 3, 1), (9, 7, 8))
1379: ((2, 5, 6), (4, 3, 1), (9, 7, 8))
1380: ((1, 3, 4), (2, 6, 5), (7, 9, 8))
1381: ((4, 3, 6), (2, 7, 1), (9, 5, 8))
1382: ((2, 3, 6), (4, 7, 1), (9, 5, 8))
1383: ((4, 6, 3), (7, 2, 1), (8, 5, 9))
1384: ((4, 2, 6), (5, 3, 1), (9, 7, 8))
1385: ((4, 3, 6), (7, 2, 1), (9, 5, 8))
1386: ((6, 4, 3), (2, 1, 8), (5, 7, 9))
1387: ((6, 4, 3), (9, 1, 2), (7, 5, 8))
1388: ((6, 4, 2), (9, 1, 3), (7, 5, 8))
1389: ((6, 1, 3), (9, 4, 2), (7, 5, 8))
1390: ((6, 4, 3), (9, 1, 2), (7, 8, 5))
1391: ((6, 1, 2), (9, 4, 3), (7, 5, 8))
1392: ((6, 4, 2), (9, 1, 3), (7, 8, 5))
1393: ((6, 4, 1), (2, 9, 5), (7, 8, 3))
1394: ((6, 4, 3), (1, 2, 8), (5, 7, 9))
1395: ((6, 4, 3), (9, 1, 2), (5, 7, 8))
1396: ((6, 4, 2), (9, 1, 3), (5, 7, 8))
1397: ((6, 4, 9), (1, 2, 3), (7, 8, 5))
1398: ((6, 4, 1), (2, 3, 9), (5, 7, 8))
1399: ((4, 6, 3), (1, 2, 5), (9, 8, 7))
1400: ((1, 6, 3), (4, 2, 5), (9, 8, 7))
1401: ((2, 4, 3), (5, 1, 6), (9, 7, 8))
1402: ((4, 2, 3), (5, 1, 6), (9, 7, 8))
1403: ((6, 4, 1), (7, 3, 2), (5, 9, 8))
1404: ((6, 4, 1), (7, 3, 2), (5, 8, 9))
1405: ((4, 6, 3), (7, 2, 1), (9, 8, 5))
1406: ((1, 6, 3), (2, 4, 9), (7, 5, 8))
1407: ((6, 4, 8), (2, 1, 3), (7, 9, 5))
1408: ((6, 4, 8), (2, 1, 3), (7, 5, 9))
1409: ((6, 4, 8), (1, 2, 3), (7, 9, 5))
1410: ((6, 1, 8), (2, 4, 3), (7, 9, 5))
1411: ((6, 1, 8), (4, 2, 3), (7, 9, 5))
1412: ((6, 2, 8), (1, 4, 3), (7, 9, 5))
1413: ((6, 4, 8), (1, 2, 3), (7, 5, 9))
1414: ((6, 1, 8), (2, 4, 3), (7, 5, 9))
1415: ((4, 6, 3), (9, 2, 1), (7, 5, 8))
1416: ((4, 2, 3), (9, 6, 1), (7, 5, 8))
1417: ((4, 6, 3), (9, 5, 1), (7, 2, 8))
1418: ((4, 6, 3), (9, 2, 1), (7, 8, 5))
1419: ((4, 6, 1), (9, 2, 3), (7, 5, 8))
1420: ((4, 2, 3), (9, 5, 1), (7, 6, 8))
1421: ((1, 6, 3), (2, 4, 8), (7, 9, 5))
1422: ((1, 6, 3), (2, 4, 8), (7, 5, 9))
1423: ((6, 4, 8), (2, 1, 5), (7, 9, 3))
1424: ((6, 1, 8), (4, 2, 3), (7, 5, 9))
1425: ((4, 6, 3), (9, 2, 1), (5, 7, 8))
1426: ((4, 2, 3), (9, 5, 1), (7, 8, 6))
1427: ((6, 4, 8), (1, 2, 5), (7, 9, 3))
1428: ((6, 4, 5), (1, 2, 3), (8, 7, 9))
1429: ((6, 4, 3), (1, 2, 9), (8, 7, 5))
1430: ((1, 4, 3), (6, 2, 9), (7, 5, 8))
1431: ((4, 1, 3), (2, 6, 8), (7, 9, 5))
1432: ((2, 1, 3), (4, 6, 8), (7, 9, 5))
1433: ((4, 1, 3), (2, 6, 8), (7, 5, 9))
1434: ((1, 2, 3), (4, 6, 8), (7, 9, 5))
1435: ((4, 1, 6), (2, 5, 3), (9, 7, 8))
1436: ((2, 1, 6), (4, 5, 3), (9, 7, 8))
1437: ((1, 2, 6), (4, 5, 3), (9, 7, 8))
1438: ((1, 4, 3), (6, 2, 5), (9, 7, 8))
1439: ((6, 4, 5), (2, 1, 8), (7, 9, 3))
1440: ((6, 4, 5), (1, 2, 8), (7, 9, 3))
1441: ((6, 1, 5), (2, 4, 8), (7, 9, 3))
1442: ((6, 1, 5), (4, 2, 8), (7, 9, 3))
1443: ((6, 2, 5), (1, 4, 8), (7, 9, 3))
1444: ((6, 2, 4), (5, 3, 1), (9, 8, 7))
1445: ((6, 4, 1), (2, 5, 9), (7, 3, 8))
1446: ((4, 1, 5), (6, 2, 3), (7, 9, 8))
1447: ((6, 4, 9), (2, 1, 3), (5, 7, 8))
1448: ((6, 4, 9), (1, 2, 3), (5, 7, 8))
1449: ((6, 5, 3), (4, 9, 1), (2, 7, 8))
1450: ((6, 5, 3), (1, 2, 4), (9, 8, 7))
1451: ((6, 2, 3), (1, 5, 4), (9, 8, 7))
1452: ((6, 5, 3), (4, 9, 1), (7, 2, 8))
1453: ((6, 3, 1), (7, 2, 4), (9, 5, 8))
1454: ((6, 4, 3), (2, 1, 8), (9, 5, 7))
1455: ((6, 5, 3), (7, 9, 1), (4, 2, 8))
1456: ((6, 4, 3), (1, 2, 8), (9, 5, 7))
1457: ((6, 2, 1), (7, 3, 4), (5, 9, 8))
1458: ((6, 5, 1), (7, 3, 4), (2, 9, 8))
1459: ((6, 5, 1), (7, 3, 4), (2, 8, 9))
1460: ((4, 6, 3), (2, 8, 1), (5, 7, 9))
1461: ((2, 6, 3), (4, 8, 1), (5, 7, 9))
1462: ((2, 4, 3), (5, 1, 8), (7, 9, 6))
1463: ((4, 2, 3), (5, 1, 8), (7, 9, 6))
1464: ((2, 4, 3), (1, 5, 8), (7, 9, 6))
1465: ((6, 3, 2), (7, 4, 1), (5, 9, 8))
1466: ((6, 3, 2), (7, 4, 1), (5, 8, 9))
1467: ((6, 3, 4), (7, 1, 2), (5, 9, 8))
1468: ((6, 3, 4), (7, 1, 2), (5, 8, 9))
1469: ((6, 3, 4), (2, 1, 9), (5, 7, 8))
1470: ((2, 5, 4), (6, 3, 1), (9, 7, 8))
1471: ((2, 3, 4), (6, 7, 1), (9, 5, 8))
1472: ((6, 3, 4), (1, 2, 9), (5, 7, 8))
1473: ((6, 2, 4), (1, 3, 9), (7, 5, 8))
1474: ((6, 3, 4), (1, 2, 9), (7, 8, 5))
1475: ((6, 4, 1), (2, 8, 5), (7, 3, 9))
1476: ((2, 1, 3), (4, 6, 9), (7, 5, 8))
1477: ((1, 2, 3), (4, 6, 9), (7, 5, 8))
1478: ((2, 4, 3), (6, 1, 9), (5, 7, 8))
1479: ((4, 2, 3), (6, 1, 9), (5, 7, 8))
1480: ((4, 1, 3), (6, 2, 9), (7, 5, 8))
1481: ((2, 4, 3), (1, 6, 9), (7, 5, 8))
1482: ((4, 2, 3), (1, 6, 9), (7, 5, 8))
1483: ((2, 4, 3), (1, 5, 9), (7, 6, 8))
1484: ((4, 5, 6), (1, 2, 3), (7, 9, 8))
1485: ((1, 5, 6), (4, 2, 3), (7, 9, 8))
1486: ((1, 4, 3), (2, 6, 9), (7, 5, 8))
1487: ((2, 4, 3), (1, 5, 9), (7, 8, 6))
1488: ((4, 5, 3), (7, 1, 6), (2, 9, 8))
1489: ((4, 5, 3), (7, 1, 6), (2, 8, 9))
1490: ((4, 6, 3), (1, 2, 9), (7, 8, 5))
1491: ((1, 6, 3), (4, 2, 9), (7, 8, 5))
1492: ((2, 4, 1), (6, 3, 5), (9, 7, 8))
1493: ((4, 2, 1), (6, 3, 5), (9, 7, 8))
1494: ((1, 4, 3), (6, 7, 5), (2, 9, 8))
1495: ((1, 4, 3), (6, 7, 5), (2, 8, 9))
1496: ((4, 6, 3), (2, 1, 9), (5, 7, 8))
1497: ((2, 6, 3), (4, 1, 9), (5, 7, 8))
1498: ((4, 5, 2), (6, 3, 1), (7, 9, 8))
1499: ((4, 5, 2), (6, 3, 1), (7, 8, 9))
1500: ((4, 6, 3), (1, 2, 9), (5, 7, 8))
1501: ((1, 6, 3), (4, 2, 9), (5, 7, 8))
1502: ((4, 1, 3), (2, 6, 9), (7, 5, 8))
1503: ((4, 1, 3), (2, 5, 9), (7, 6, 8))
1504: ((6, 4, 3), (7, 8, 1), (5, 2, 9))
1505: ((4, 1, 3), (2, 5, 9), (7, 8, 6))
1506: ((4, 6, 5), (1, 2, 3), (9, 7, 8))
1507: ((1, 6, 5), (4, 2, 3), (9, 7, 8))
1508: ((5, 2, 3), (4, 6, 1), (9, 7, 8))
1509: ((4, 3, 6), (7, 2, 1), (5, 9, 8))
1510: ((4, 3, 6), (7, 2, 1), (5, 8, 9))
1511: ((4, 2, 6), (7, 3, 1), (5, 9, 8))
1512: ((5, 4, 3), (6, 2, 1), (7, 9, 8))
1513: ((5, 4, 3), (6, 2, 1), (7, 8, 9))
1514: ((6, 4, 1), (2, 7, 8), (9, 5, 3))
1515: ((6, 4, 1), (2, 8, 5), (9, 7, 3))
1516: ((6, 4, 1), (7, 2, 8), (9, 5, 3))
1517: ((1, 6, 4), (2, 3, 5), (7, 9, 8))
1518: ((1, 6, 4), (2, 5, 3), (7, 9, 8))
1519: ((1, 6, 4), (2, 3, 5), (7, 8, 9))
1520: ((1, 4, 5), (2, 6, 3), (7, 9, 8))
1521: ((2, 3, 1), (4, 6, 5), (7, 9, 8))
1522: ((1, 6, 4), (2, 5, 3), (7, 8, 9))
1523: ((6, 4, 3), (7, 1, 9), (5, 2, 8))
1524: ((6, 3, 4), (2, 7, 1), (8, 5, 9))
1525: ((6, 3, 4), (7, 2, 1), (8, 5, 9))
1526: ((6, 9, 3), (7, 4, 1), (2, 5, 8))
1527: ((6, 9, 3), (4, 7, 1), (2, 5, 8))
1528: ((6, 9, 3), (7, 4, 1), (2, 8, 5))
1529: ((6, 9, 3), (7, 5, 1), (2, 4, 8))
1530: ((6, 9, 3), (4, 5, 1), (2, 7, 8))
1531: ((6, 9, 1), (7, 4, 3), (2, 5, 8))
1532: ((1, 3, 4), (6, 2, 5), (7, 9, 8))
1533: ((1, 3, 4), (6, 2, 5), (7, 8, 9))
1534: ((6, 5, 3), (1, 2, 9), (4, 7, 8))
1535: ((6, 2, 3), (1, 5, 9), (4, 7, 8))
1536: ((6, 3, 4), (2, 8, 1), (5, 7, 9))
1537: ((6, 5, 2), (1, 4, 3), (7, 8, 9))
1538: ((2, 1, 5), (4, 6, 3), (7, 8, 9))
1539: ((2, 5, 3), (6, 9, 1), (7, 4, 8))
1540: ((2, 5, 3), (6, 9, 1), (4, 7, 8))
1541: ((2, 5, 1), (6, 9, 3), (7, 4, 8))
1542: ((5, 2, 3), (6, 9, 1), (7, 4, 8))
1543: ((4, 1, 5), (2, 3, 6), (7, 9, 8))
1544: ((6, 2, 5), (7, 4, 3), (1, 8, 9))
1545: ((5, 2, 3), (4, 7, 1), (6, 9, 8))
1546: ((7, 6, 5), (4, 1, 3), (2, 9, 8))
1547: ((6, 3, 4), (8, 2, 1), (7, 5, 9))
1548: ((6, 2, 4), (8, 3, 1), (7, 5, 9))
1549: ((2, 1, 5), (6, 4, 3), (9, 7, 8))
1550: ((1, 2, 5), (6, 4, 3), (9, 7, 8))
1551: ((6, 3, 4), (5, 8, 1), (7, 2, 9))
1552: ((6, 4, 2), (7, 5, 3), (1, 8, 9))
1553: ((2, 3, 1), (6, 5, 4), (7, 9, 8))
1554: ((2, 3, 1), (6, 5, 4), (7, 8, 9))
1555: ((2, 5, 1), (6, 3, 4), (7, 9, 8))
1556: ((2, 5, 1), (6, 3, 4), (7, 8, 9))
1557: ((6, 3, 1), (5, 2, 4), (9, 8, 7))
1558: ((6, 3, 1), (2, 8, 4), (9, 5, 7))
1559: ((4, 6, 1), (5, 3, 2), (7, 9, 8))
1560: ((4, 6, 1), (5, 3, 2), (7, 8, 9))
1561: ((4, 6, 3), (2, 5, 1), (8, 9, 7))
1562: ((2, 6, 3), (4, 5, 1), (8, 9, 7))
1563: ((6, 8, 3), (5, 2, 1), (7, 4, 9))
1564: ((6, 8, 3), (4, 5, 1), (7, 2, 9))
1565: ((6, 4, 3), (2, 7, 1), (8, 9, 5))
1566: ((6, 4, 3), (7, 2, 1), (8, 9, 5))
1567: ((4, 1, 3), (5, 2, 6), (7, 8, 9))
1568: ((4, 3, 6), (5, 2, 1), (8, 7, 9))
1569: ((4, 5, 1), (7, 3, 6), (2, 9, 8))
1570: ((2, 4, 1), (6, 8, 3), (9, 5, 7))
1571: ((6, 1, 3), (2, 4, 9), (8, 7, 5))
1572: ((6, 1, 3), (4, 2, 9), (8, 7, 5))
1573: ((6, 4, 3), (1, 5, 8), (7, 2, 9))
1574: ((6, 1, 5), (2, 4, 3), (9, 8, 7))
1575: ((6, 1, 5), (4, 2, 3), (9, 8, 7))
1576: ((6, 2, 3), (4, 1, 8), (7, 9, 5))
1577: ((6, 1, 3), (7, 2, 8), (4, 9, 5))
1578: ((6, 1, 5), (2, 4, 3), (8, 7, 9))
1579: ((6, 1, 5), (4, 2, 3), (8, 7, 9))
1580: ((6, 4, 3), (1, 8, 2), (7, 9, 5))
1581: ((6, 4, 3), (1, 8, 2), (7, 5, 9))
1582: ((6, 4, 2), (1, 8, 3), (7, 9, 5))
1583: ((4, 6, 3), (2, 9, 1), (8, 5, 7))
1584: ((2, 4, 3), (6, 1, 8), (7, 9, 5))
1585: ((4, 2, 3), (6, 1, 8), (7, 9, 5))
1586: ((2, 4, 3), (6, 1, 8), (7, 5, 9))
1587: ((2, 1, 3), (6, 4, 8), (7, 9, 5))
1588: ((4, 2, 3), (6, 1, 8), (7, 5, 9))
1589: ((2, 1, 3), (6, 4, 8), (7, 5, 9))
1590: ((1, 2, 3), (6, 4, 8), (7, 5, 9))
1591: ((2, 4, 3), (1, 6, 8), (7, 9, 5))
1592: ((4, 2, 3), (1, 6, 8), (7, 9, 5))
1593: ((2, 4, 3), (1, 6, 8), (7, 5, 9))
1594: ((4, 1, 3), (6, 2, 8), (7, 9, 5))
1595: ((1, 4, 3), (2, 6, 8), (7, 9, 5))
1596: ((2, 4, 3), (6, 9, 1), (8, 5, 7))
1597: ((7, 2, 3), (4, 6, 1), (5, 9, 8))
1598: ((4, 2, 1), (7, 6, 3), (5, 8, 9))
1599: ((6, 4, 5), (2, 1, 9), (7, 8, 3))
1600: ((6, 4, 5), (1, 2, 9), (7, 8, 3))
1601: ((4, 2, 1), (5, 7, 3), (6, 8, 9))
1602: ((6, 4, 1), (7, 3, 9), (2, 5, 8))
1603: ((6, 1, 5), (7, 2, 3), (4, 9, 8))
1604: ((2, 4, 1), (7, 9, 3), (6, 8, 5))
1605: ((4, 5, 3), (6, 2, 1), (8, 7, 9))
1606: ((6, 1, 3), (5, 4, 2), (8, 7, 9))
1607: ((6, 1, 3), (4, 5, 2), (8, 7, 9))
1608: ((2, 1, 3), (6, 4, 5), (8, 7, 9))
1609: ((1, 2, 3), (6, 4, 5), (8, 7, 9))
1610: ((6, 3, 5), (2, 1, 4), (7, 9, 8))
1611: ((6, 3, 5), (2, 1, 4), (7, 8, 9))
1612: ((6, 3, 5), (1, 2, 4), (7, 9, 8))
1613: ((6, 3, 5), (1, 2, 4), (7, 8, 9))
1614: ((6, 1, 5), (2, 3, 4), (7, 9, 8))
1615: ((6, 1, 5), (2, 3, 4), (7, 8, 9))
1616: ((6, 2, 5), (1, 3, 4), (7, 9, 8))
1617: ((4, 3, 6), (2, 8, 1), (9, 5, 7))
1618: ((2, 4, 1), (6, 3, 9), (7, 5, 8))
1619: ((4, 2, 1), (6, 3, 9), (7, 5, 8))
1620: ((4, 3, 6), (5, 2, 1), (9, 8, 7))
1621: ((6, 5, 3), (4, 8, 1), (7, 2, 9))
1622: ((6, 4, 3), (9, 2, 1), (8, 5, 7))
1623: ((2, 6, 1), (7, 9, 3), (4, 5, 8))
1624: ((2, 4, 1), (6, 5, 9), (7, 8, 3))
1625: ((4, 2, 1), (6, 5, 9), (7, 8, 3))
1626: ((4, 6, 1), (2, 3, 9), (7, 5, 8))
1627: ((2, 6, 1), (4, 3, 9), (7, 5, 8))
1628: ((6, 1, 3), (2, 4, 9), (5, 8, 7))
1629: ((6, 1, 3), (4, 2, 9), (5, 8, 7))
1630: ((6, 5, 3), (8, 2, 1), (7, 4, 9))
1631: ((6, 2, 3), (8, 5, 1), (7, 4, 9))
1632: ((4, 6, 1), (7, 9, 3), (2, 8, 5))
1633: ((7, 2, 1), (4, 5, 3), (6, 9, 8))
1634: ((7, 6, 1), (4, 9, 3), (2, 5, 8))
1635: ((2, 4, 1), (6, 7, 3), (9, 8, 5))
1636: ((6, 3, 1), (5, 2, 4), (8, 7, 9))
1637: ((2, 4, 1), (7, 8, 3), (6, 5, 9))
1638: ((4, 3, 2), (5, 6, 1), (7, 9, 8))
1639: ((4, 3, 2), (5, 6, 1), (7, 8, 9))
1640: ((6, 4, 3), (2, 8, 1), (5, 9, 7))
1641: ((6, 4, 1), (5, 2, 9), (8, 7, 3))
1642: ((2, 1, 3), (6, 4, 5), (9, 8, 7))
1643: ((1, 2, 3), (6, 4, 5), (9, 8, 7))
1644: ((6, 5, 3), (7, 2, 4), (1, 9, 8))
1645: ((6, 2, 3), (7, 5, 4), (1, 9, 8))
1646: ((6, 5, 3), (7, 2, 4), (1, 8, 9))
1647: ((6, 2, 3), (7, 5, 4), (1, 8, 9))
1648: ((6, 2, 3), (4, 7, 5), (1, 9, 8))
1649: ((6, 3, 4), (2, 9, 1), (8, 5, 7))
1650: ((4, 6, 1), (2, 8, 3), (9, 5, 7))
1651: ((4, 6, 1), (5, 2, 3), (9, 8, 7))
1652: ((2, 4, 3), (5, 9, 1), (7, 6, 8))
1653: ((2, 4, 3), (5, 9, 1), (7, 8, 6))
1654: ((4, 2, 3), (5, 9, 1), (7, 6, 8))
1655: ((4, 2, 3), (5, 9, 1), (7, 8, 6))
1656: ((2, 4, 1), (5, 9, 3), (7, 6, 8))
1657: ((2, 4, 1), (5, 9, 3), (7, 8, 6))
1658: ((4, 2, 1), (5, 9, 3), (7, 6, 8))
1659: ((2, 4, 3), (7, 9, 1), (5, 6, 8))
1660: ((2, 4, 3), (7, 9, 1), (5, 8, 6))
1661: ((4, 2, 3), (7, 9, 1), (5, 6, 8))
1662: ((4, 2, 1), (5, 9, 3), (7, 8, 6))
1663: ((4, 2, 3), (7, 9, 1), (5, 8, 6))
1664: ((6, 4, 5), (3, 2, 1), (7, 9, 8))
1665: ((6, 4, 5), (3, 2, 1), (7, 8, 9))
1666: ((6, 2, 5), (3, 4, 1), (7, 9, 8))
1667: ((6, 2, 1), (4, 7, 3), (5, 9, 8))
1668: ((3, 2, 4), (6, 1, 5), (7, 9, 8))
1669: ((3, 2, 4), (6, 1, 5), (7, 8, 9))
1670: ((3, 1, 4), (6, 2, 5), (7, 9, 8))
1671: ((2, 3, 4), (7, 8, 1), (6, 5, 9))
1672: ((5, 3, 6), (7, 2, 1), (4, 9, 8))
1673: ((6, 3, 4), (1, 5, 2), (9, 7, 8))
1674: ((2, 3, 1), (7, 5, 6), (4, 9, 8))
1675: ((4, 3, 1), (2, 5, 9), (7, 8, 6))
1676: ((4, 3, 1), (2, 8, 6), (7, 5, 9))
1677: ((2, 5, 6), (4, 1, 3), (7, 8, 9))
1678: ((4, 3, 1), (2, 6, 5), (7, 9, 8))
1679: ((4, 3, 1), (2, 6, 5), (7, 8, 9))
1680: ((2, 5, 6), (7, 3, 1), (4, 9, 8))
1681: ((5, 3, 6), (7, 2, 1), (4, 8, 9))
1682: ((2, 3, 1), (7, 5, 6), (4, 8, 9))
1683: ((2, 5, 6), (7, 3, 1), (4, 8, 9))
1684: ((3, 2, 4), (7, 5, 1), (6, 9, 8))
1685: ((3, 2, 4), (7, 5, 1), (6, 8, 9))
1686: ((3, 2, 4), (6, 9, 1), (7, 5, 8))
1687: ((3, 5, 4), (7, 2, 1), (6, 9, 8))
1688: ((3, 2, 4), (6, 9, 1), (7, 8, 5))
1689: ((3, 1, 4), (6, 2, 5), (7, 8, 9))
1690: ((3, 5, 4), (7, 2, 1), (6, 8, 9))
1691: ((6, 2, 5), (3, 4, 1), (7, 8, 9))
1692: ((6, 2, 1), (4, 7, 3), (5, 8, 9))
1693: ((7, 6, 1), (4, 2, 3), (5, 9, 8))
1694: ((5, 4, 3), (2, 6, 1), (7, 9, 8))
1695: ((5, 4, 3), (2, 6, 1), (7, 8, 9))
1696: ((5, 4, 1), (2, 6, 3), (7, 9, 8))
1697: ((5, 4, 1), (2, 6, 3), (7, 8, 9))
1698: ((5, 4, 3), (2, 1, 6), (7, 9, 8))
1699: ((5, 4, 3), (2, 1, 6), (7, 8, 9))
1700: ((5, 4, 3), (1, 2, 6), (7, 9, 8))
1701: ((7, 6, 1), (4, 2, 3), (5, 8, 9))
1702: ((4, 6, 1), (5, 2, 3), (8, 7, 9))
1703: ((5, 4, 1), (2, 3, 6), (7, 9, 8))
1704: ((5, 1, 3), (2, 4, 6), (7, 9, 8))
1705: ((5, 1, 3), (4, 2, 6), (7, 9, 8))
1706: ((5, 4, 6), (2, 1, 3), (7, 9, 8))
1707: ((5, 4, 3), (1, 2, 6), (7, 8, 9))
1708: ((5, 4, 1), (2, 3, 6), (7, 8, 9))
1709: ((5, 1, 3), (2, 4, 6), (7, 8, 9))
1710: ((5, 4, 6), (2, 1, 3), (7, 8, 9))
1711: ((2, 5, 3), (6, 1, 4), (7, 9, 8))
1712: ((2, 5, 3), (6, 1, 4), (7, 8, 9))
1713: ((5, 2, 3), (6, 1, 4), (7, 9, 8))
1714: ((5, 2, 3), (6, 1, 4), (7, 8, 9))
1715: ((2, 5, 3), (1, 6, 4), (7, 9, 8))
1716: ((2, 5, 3), (1, 6, 4), (7, 8, 9))
1717: ((5, 1, 3), (6, 2, 4), (7, 9, 8))
1718: ((1, 5, 3), (2, 6, 4), (7, 9, 8))
1719: ((2, 5, 3), (1, 4, 6), (7, 9, 8))
1720: ((5, 2, 3), (7, 6, 1), (4, 9, 8))
1721: ((5, 1, 3), (6, 2, 4), (7, 8, 9))
1722: ((1, 5, 3), (2, 6, 4), (7, 8, 9))
1723: ((2, 5, 3), (1, 4, 6), (7, 8, 9))
1724: ((5, 2, 3), (7, 6, 1), (4, 8, 9))
1725: ((6, 2, 3), (4, 7, 5), (1, 8, 9))
1726: ((4, 5, 1), (2, 3, 6), (9, 7, 8))
1727: ((4, 5, 1), (7, 2, 3), (6, 9, 8))
1728: ((2, 3, 6), (1, 4, 5), (7, 9, 8))
1729: ((4, 5, 1), (7, 2, 3), (6, 8, 9))
1730: ((2, 3, 6), (7, 1, 5), (4, 9, 8))
1731: ((2, 3, 6), (1, 4, 5), (7, 8, 9))
1732: ((4, 3, 6), (1, 5, 2), (7, 9, 8))
1733: ((1, 3, 6), (4, 5, 2), (7, 9, 8))
1734: ((2, 3, 6), (7, 1, 5), (4, 8, 9))
1735: ((6, 5, 4), (3, 2, 1), (9, 7, 8))
1736: ((6, 2, 4), (3, 5, 1), (9, 7, 8))
1737: ((4, 3, 6), (1, 5, 2), (7, 8, 9))
1738: ((4, 3, 5), (2, 1, 6), (7, 9, 8))
1739: ((4, 3, 5), (2, 1, 6), (7, 8, 9))
1740: ((2, 3, 5), (4, 1, 6), (7, 9, 8))
1741: ((4, 3, 5), (1, 2, 6), (7, 9, 8))
1742: ((1, 3, 5), (4, 2, 6), (7, 9, 8))
1743: ((1, 3, 6), (4, 5, 2), (7, 8, 9))
1744: ((6, 5, 1), (2, 8, 3), (4, 7, 9))
1745: ((2, 3, 5), (4, 1, 6), (7, 8, 9))
1746: ((4, 3, 5), (1, 2, 6), (7, 8, 9))
1747: ((6, 4, 3), (2, 1, 9), (8, 5, 7))
1748: ((6, 4, 3), (2, 5, 8), (7, 1, 9))
1749: ((1, 3, 5), (4, 2, 6), (7, 8, 9))
1750: ((6, 4, 9), (2, 5, 3), (7, 1, 8))
1751: ((6, 2, 3), (4, 7, 1), (9, 5, 8))
1752: ((6, 4, 3), (5, 2, 8), (7, 1, 9))
1753: ((2, 1, 6), (7, 5, 3), (4, 9, 8))
1754: ((1, 2, 6), (7, 5, 3), (4, 9, 8))
1755: ((6, 4, 9), (5, 2, 3), (7, 1, 8))
1756: ((7, 2, 1), (4, 5, 3), (6, 8, 9))
1757: ((2, 1, 6), (7, 5, 3), (4, 8, 9))
1758: ((6, 4, 1), (2, 9, 3), (8, 5, 7))
1759: ((1, 4, 6), (2, 3, 5), (7, 9, 8))
1760: ((6, 1, 3), (5, 2, 9), (7, 4, 8))
1761: ((6, 5, 3), (8, 2, 1), (4, 7, 9))
1762: ((6, 2, 3), (8, 5, 1), (4, 7, 9))
1763: ((1, 4, 6), (2, 3, 5), (7, 8, 9))
1764: ((6, 4, 3), (2, 5, 9), (1, 7, 8))
1765: ((4, 1, 6), (2, 8, 3), (7, 5, 9))
1766: ((4, 6, 1), (2, 3, 9), (7, 8, 5))
1767: ((6, 4, 3), (5, 2, 9), (1, 7, 8))
1768: ((1, 6, 3), (5, 2, 4), (7, 9, 8))
1769: ((6, 3, 4), (7, 5, 1), (9, 2, 8))
1770: ((2, 6, 1), (7, 3, 5), (4, 9, 8))
1771: ((1, 6, 3), (5, 2, 4), (7, 8, 9))
1772: ((2, 4, 1), (6, 8, 9), (7, 5, 3))
1773: ((2, 4, 1), (6, 3, 9), (7, 8, 5))
1774: ((2, 6, 1), (7, 3, 5), (4, 8, 9))
1775: ((6, 5, 3), (7, 8, 1), (4, 2, 9))
1776: ((2, 3, 5), (6, 4, 1), (7, 9, 8))
1777: ((2, 3, 5), (6, 4, 1), (7, 8, 9))
1778: ((2, 3, 5), (4, 6, 1), (7, 9, 8))
1779: ((2, 3, 5), (4, 6, 1), (7, 8, 9))
1780: ((4, 6, 1), (2, 7, 3), (9, 8, 5))
1781: ((6, 2, 5), (1, 3, 4), (7, 8, 9))
1782: ((3, 2, 5), (6, 4, 1), (7, 9, 8))
1783: ((3, 2, 5), (6, 4, 1), (7, 8, 9))
1784: ((3, 2, 5), (4, 6, 1), (7, 9, 8))
1785: ((2, 3, 5), (7, 6, 1), (4, 9, 8))
1786: ((3, 2, 5), (4, 6, 1), (7, 8, 9))
1787: ((2, 3, 5), (7, 6, 1), (4, 8, 9))
1788: ((6, 3, 4), (1, 7, 5), (2, 9, 8))
1789: ((6, 3, 4), (1, 7, 5), (2, 8, 9))
1790: ((4, 3, 2), (7, 5, 1), (6, 9, 8))
1791: ((4, 3, 2), (7, 5, 1), (6, 8, 9))
1792: ((2, 4, 1), (7, 3, 6), (5, 9, 8))
1793: ((2, 1, 6), (4, 3, 5), (7, 8, 9))
1794: ((7, 3, 2), (4, 5, 1), (6, 9, 8))
1795: ((2, 4, 1), (7, 3, 6), (5, 8, 9))
1796: ((7, 3, 2), (4, 5, 1), (6, 8, 9))
1797: ((6, 4, 1), (7, 3, 9), (2, 8, 5))
1798: ((6, 1, 5), (7, 2, 3), (4, 8, 9))
1799: ((7, 6, 3), (1, 4, 5), (2, 9, 8))
1800: ((7, 2, 3), (4, 6, 1), (5, 8, 9))
1801: ((6, 1, 5), (2, 4, 9), (7, 8, 3))
1802: ((6, 1, 5), (4, 2, 9), (7, 8, 3))
1803: ((7, 6, 3), (1, 4, 5), (2, 8, 9))
1804: ((4, 5, 6), (3, 2, 1), (7, 9, 8))
1805: ((4, 2, 6), (3, 5, 1), (7, 9, 8))
1806: ((4, 5, 6), (3, 2, 1), (7, 8, 9))
1807: ((4, 2, 6), (3, 5, 1), (7, 8, 9))
1808: ((2, 6, 3), (7, 8, 1), (4, 5, 9))
1809: ((2, 4, 3), (1, 8, 6), (7, 9, 5))
1810: ((2, 5, 1), (7, 6, 3), (4, 9, 8))
1811: ((6, 4, 3), (7, 2, 8), (1, 9, 5))
1812: ((6, 2, 3), (7, 4, 8), (1, 9, 5))
1813: ((6, 4, 3), (7, 2, 8), (1, 5, 9))
1814: ((2, 5, 1), (7, 6, 3), (4, 8, 9))
1815: ((6, 4, 3), (2, 1, 5), (8, 9, 7))
1816: ((6, 4, 3), (1, 2, 5), (8, 9, 7))
1817: ((6, 4, 1), (8, 5, 3), (7, 2, 9))
1818: ((2, 4, 1), (5, 3, 6), (9, 7, 8))
1819: ((6, 1, 3), (2, 4, 5), (8, 9, 7))
1820: ((6, 1, 3), (4, 2, 5), (8, 9, 7))
1821: ((6, 2, 1), (4, 3, 5), (7, 8, 9))
1822: ((4, 6, 3), (1, 7, 5), (2, 9, 8))
1823: ((1, 6, 3), (4, 7, 5), (2, 9, 8))
1824: ((4, 6, 3), (1, 7, 5), (2, 8, 9))
1825: ((1, 6, 3), (4, 7, 5), (2, 8, 9))
1826: ((6, 4, 1), (5, 2, 3), (8, 9, 7))
1827: ((6, 8, 3), (7, 2, 1), (4, 5, 9))
1828: ((6, 8, 3), (2, 5, 1), (4, 7, 9))
1829: ((4, 5, 1), (7, 3, 6), (2, 8, 9))
1830: ((6, 5, 1), (3, 2, 4), (7, 9, 8))
1831: ((6, 2, 1), (3, 5, 4), (7, 9, 8))
1832: ((6, 5, 1), (3, 2, 4), (7, 8, 9))
1833: ((6, 2, 1), (3, 5, 4), (7, 8, 9))
1834: ((5, 6, 3), (7, 4, 1), (2, 9, 8))
1835: ((5, 6, 3), (7, 4, 1), (2, 8, 9))
1836: ((7, 6, 3), (4, 9, 1), (2, 8, 5))
1837: ((4, 3, 6), (7, 8, 1), (2, 5, 9))
1838: ((4, 6, 3), (5, 2, 1), (8, 9, 7))
1839: ((4, 6, 1), (3, 2, 5), (7, 9, 8))
1840: ((4, 6, 1), (3, 2, 5), (7, 8, 9))
1841: ((4, 2, 1), (3, 6, 5), (7, 9, 8))
1842: ((4, 6, 1), (3, 5, 2), (7, 9, 8))
1843: ((2, 3, 1), (6, 8, 4), (7, 5, 9))
1844: ((4, 2, 1), (3, 5, 6), (7, 9, 8))
1845: ((4, 2, 1), (3, 6, 5), (7, 8, 9))
1846: ((4, 6, 1), (3, 5, 2), (7, 8, 9))
1847: ((3, 2, 1), (6, 5, 4), (7, 9, 8))
1848: ((3, 2, 1), (6, 5, 4), (7, 8, 9))
1849: ((2, 3, 1), (5, 6, 4), (7, 9, 8))
1850: ((2, 3, 1), (5, 6, 4), (7, 8, 9))
1851: ((2, 1, 3), (5, 6, 4), (7, 9, 8))
1852: ((1, 2, 3), (5, 6, 4), (7, 9, 8))
1853: ((2, 3, 1), (5, 4, 6), (7, 9, 8))
1854: ((3, 5, 1), (6, 2, 4), (7, 9, 8))
1855: ((2, 1, 3), (5, 6, 4), (7, 8, 9))
1856: ((2, 3, 1), (5, 4, 6), (7, 8, 9))
1857: ((3, 5, 1), (6, 2, 4), (7, 8, 9))
1858: ((4, 1, 5), (2, 3, 6), (7, 8, 9))
1859: ((7, 6, 5), (4, 1, 3), (2, 8, 9))
1860: ((6, 3, 4), (8, 5, 1), (7, 2, 9))
1861: ((5, 2, 3), (4, 7, 1), (6, 8, 9))
1862: ((2, 5, 1), (6, 9, 3), (4, 7, 8))
1863: ((5, 2, 3), (6, 9, 1), (4, 7, 8))
1864: ((6, 3, 5), (2, 9, 1), (7, 4, 8))
1865: ((6, 3, 5), (2, 9, 1), (4, 7, 8))
1866: ((6, 3, 2), (5, 4, 1), (9, 7, 8))
1867: ((6, 3, 2), (4, 5, 1), (9, 7, 8))
1868: ((2, 3, 4), (6, 7, 1), (9, 8, 5))
1869: ((6, 9, 3), (4, 7, 1), (2, 8, 5))
1870: ((6, 9, 1), (4, 7, 3), (2, 5, 8))
1871: ((6, 9, 1), (7, 4, 3), (2, 8, 5))
1872: ((1, 3, 4), (6, 5, 2), (7, 9, 8))
1873: ((7, 3, 6), (4, 2, 1), (5, 9, 8))
1874: ((1, 3, 4), (6, 5, 2), (7, 8, 9))
1875: ((7, 3, 6), (4, 2, 1), (5, 8, 9))
1876: ((2, 3, 1), (4, 6, 5), (7, 8, 9))
1877: ((6, 1, 3), (7, 4, 9), (5, 2, 8))
1878: ((6, 3, 4), (2, 7, 1), (5, 8, 9))
1879: ((4, 2, 6), (7, 3, 1), (5, 8, 9))
1880: ((6, 4, 1), (2, 8, 3), (9, 7, 5))
1881: ((1, 4, 5), (2, 6, 3), (7, 8, 9))
1882: ((2, 1, 3), (6, 4, 9), (5, 7, 8))
1883: ((1, 2, 3), (6, 4, 9), (5, 7, 8))
1884: ((7, 5, 3), (4, 1, 6), (2, 9, 8))
1885: ((4, 1, 3), (2, 6, 9), (7, 8, 5))
1886: ((7, 5, 3), (4, 1, 6), (2, 8, 9))
1887: ((4, 5, 6), (7, 1, 3), (2, 9, 8))
1888: ((4, 1, 3), (6, 7, 5), (2, 9, 8))
1889: ((4, 5, 6), (7, 1, 3), (2, 8, 9))
1890: ((4, 1, 3), (6, 7, 5), (2, 8, 9))
1891: ((2, 4, 3), (1, 6, 9), (7, 8, 5))
1892: ((4, 5, 6), (1, 2, 3), (7, 8, 9))
1893: ((1, 5, 6), (4, 2, 3), (7, 8, 9))
1894: ((6, 2, 1), (7, 3, 4), (5, 8, 9))
1895: ((6, 3, 2), (4, 7, 1), (5, 9, 8))
1896: ((2, 1, 3), (5, 4, 8), (7, 9, 6))
1897: ((1, 2, 3), (5, 4, 8), (7, 9, 6))
1898: ((2, 1, 3), (4, 5, 8), (7, 9, 6))
1899: ((6, 3, 2), (4, 7, 1), (5, 8, 9))
1900: ((2, 4, 3), (5, 1, 8), (7, 6, 9))
1901: ((2, 4, 3), (7, 6, 1), (8, 5, 9))
1902: ((4, 1, 5), (6, 2, 3), (7, 8, 9))
1903: ((6, 1, 3), (2, 4, 8), (9, 5, 7))
1904: ((6, 1, 3), (4, 2, 8), (9, 5, 7))
1905: ((6, 1, 9), (2, 4, 3), (5, 7, 8))
1906: ((6, 1, 9), (4, 2, 3), (5, 7, 8))
1907: ((6, 4, 5), (2, 1, 8), (7, 3, 9))
1908: ((6, 4, 5), (1, 2, 8), (7, 3, 9))
1909: ((6, 4, 1), (5, 2, 9), (7, 3, 8))
1910: ((6, 1, 5), (2, 4, 8), (7, 3, 9))
1911: ((6, 1, 5), (4, 2, 8), (7, 3, 9))
1912: ((2, 1, 3), (4, 7, 5), (6, 9, 8))
1913: ((1, 2, 3), (4, 7, 5), (6, 9, 8))
1914: ((7, 2, 3), (4, 1, 5), (6, 9, 8))
1915: ((2, 1, 3), (4, 7, 5), (6, 8, 9))
1916: ((7, 2, 3), (4, 1, 5), (6, 8, 9))
1917: ((1, 4, 3), (6, 5, 2), (9, 7, 8))
1918: ((6, 4, 3), (8, 2, 1), (9, 5, 7))
1919: ((6, 2, 3), (8, 4, 1), (9, 5, 7))
1920: ((4, 6, 3), (2, 8, 1), (7, 9, 5))
1921: ((2, 6, 3), (4, 8, 1), (7, 9, 5))
1922: ((6, 4, 3), (8, 5, 1), (9, 2, 7))
1923: ((2, 6, 3), (7, 9, 1), (4, 8, 5))
1924: ((1, 4, 6), (2, 5, 3), (9, 7, 8))
1925: ((4, 1, 6), (5, 2, 3), (9, 7, 8))
1926: ((6, 2, 5), (4, 1, 3), (7, 9, 8))
1927: ((6, 2, 5), (4, 1, 3), (7, 8, 9))
1928: ((1, 4, 3), (6, 5, 9), (7, 2, 8))
1929: ((4, 1, 3), (2, 8, 6), (7, 9, 5))
1930: ((1, 4, 3), (6, 2, 9), (7, 8, 5))
1931: ((4, 2, 3), (9, 6, 1), (5, 7, 8))
1932: ((6, 1, 8), (2, 4, 5), (7, 9, 3))
1933: ((6, 1, 8), (4, 2, 5), (7, 9, 3))
1934: ((4, 2, 3), (9, 6, 1), (7, 8, 5))
1935: ((4, 2, 1), (9, 6, 3), (7, 5, 8))
1936: ((4, 6, 1), (9, 5, 3), (7, 2, 8))
1937: ((4, 6, 1), (9, 2, 3), (7, 8, 5))
1938: ((2, 3, 6), (7, 9, 1), (4, 5, 8))
1939: ((7, 2, 3), (4, 9, 1), (6, 5, 8))
1940: ((2, 5, 3), (7, 1, 6), (4, 9, 8))
1941: ((2, 5, 3), (7, 1, 6), (4, 8, 9))
1942: ((6, 5, 3), (2, 7, 1), (9, 4, 8))
1943: ((6, 5, 3), (7, 2, 1), (9, 4, 8))
1944: ((6, 2, 3), (7, 5, 1), (9, 4, 8))
1945: ((6, 5, 1), (2, 7, 3), (9, 4, 8))
1946: ((6, 5, 1), (7, 2, 3), (9, 4, 8))
1947: ((6, 2, 1), (7, 5, 3), (9, 4, 8))
1948: ((6, 4, 3), (7, 1, 5), (8, 2, 9))
1949: ((6, 1, 3), (7, 4, 5), (8, 2, 9))
1950: ((2, 4, 3), (1, 7, 5), (6, 9, 8))
1951: ((2, 4, 3), (1, 7, 5), (6, 8, 9))
1952: ((4, 2, 3), (1, 7, 5), (6, 9, 8))
1953: ((1, 4, 3), (2, 7, 5), (6, 9, 8))
1954: ((6, 4, 3), (5, 8, 1), (9, 2, 7))
1955: ((4, 2, 3), (1, 7, 5), (6, 8, 9))
1956: ((1, 4, 3), (2, 7, 5), (6, 8, 9))
1957: ((1, 2, 3), (4, 7, 5), (6, 8, 9))
1958: ((4, 5, 3), (2, 1, 9), (7, 8, 6))
1959: ((2, 5, 1), (4, 7, 3), (6, 9, 8))
1960: ((1, 6, 3), (2, 4, 9), (7, 8, 5))
1961: ((2, 5, 1), (4, 7, 3), (6, 8, 9))
1962: ((4, 3, 2), (6, 9, 1), (7, 5, 8))
1963: ((6, 4, 1), (5, 3, 2), (9, 7, 8))
1964: ((4, 3, 2), (6, 9, 1), (7, 8, 5))
1965: ((6, 3, 2), (9, 4, 1), (7, 5, 8))
1966: ((6, 1, 3), (9, 4, 2), (7, 8, 5))
1967: ((6, 3, 2), (9, 4, 1), (7, 8, 5))
1968: ((2, 1, 3), (5, 4, 6), (9, 7, 8))
1969: ((1, 2, 3), (5, 4, 6), (9, 7, 8))
1970: ((2, 1, 3), (4, 5, 6), (9, 7, 8))
1971: ((2, 4, 6), (5, 1, 3), (9, 7, 8))
1972: ((6, 1, 3), (9, 4, 2), (5, 7, 8))
1973: ((6, 4, 3), (9, 5, 1), (7, 8, 2))
1974: ((6, 4, 3), (9, 8, 1), (7, 2, 5))
1975: ((6, 4, 3), (9, 8, 1), (7, 5, 2))
1976: ((2, 4, 3), (6, 8, 1), (7, 9, 5))
1977: ((4, 2, 3), (6, 8, 1), (7, 9, 5))
1978: ((6, 4, 1), (9, 3, 2), (7, 5, 8))
1979: ((4, 3, 6), (2, 7, 1), (9, 8, 5))
1980: ((6, 4, 1), (9, 3, 2), (7, 8, 5))
1981: ((6, 1, 3), (2, 4, 8), (5, 7, 9))
1982: ((6, 1, 3), (4, 2, 8), (5, 7, 9))
1983: ((2, 6, 3), (7, 4, 1), (9, 5, 8))
1984: ((1, 3, 4), (2, 5, 6), (7, 9, 8))
1985: ((1, 3, 4), (2, 6, 5), (7, 8, 9))
1986: ((1, 2, 3), (4, 5, 6), (9, 7, 8))
1987: ((6, 4, 1), (5, 3, 9), (7, 2, 8))
1988: ((4, 6, 3), (1, 5, 2), (9, 7, 8))
1989: ((1, 6, 3), (4, 5, 2), (9, 7, 8))
1990: ((2, 6, 3), (1, 4, 5), (9, 7, 8))
1991: ((2, 4, 3), (5, 8, 1), (7, 9, 6))
1992: ((6, 2, 3), (5, 1, 4), (7, 9, 8))
1993: ((6, 2, 3), (5, 1, 4), (7, 8, 9))
1994: ((6, 2, 3), (7, 1, 4), (5, 9, 8))
1995: ((6, 2, 3), (7, 1, 4), (5, 8, 9))
1996: ((6, 3, 2), (5, 1, 4), (7, 9, 8))
1997: ((6, 3, 2), (5, 1, 4), (7, 8, 9))
1998: ((6, 3, 2), (1, 5, 4), (7, 9, 8))
1999: ((6, 3, 2), (1, 5, 4), (7, 8, 9))
2000: ((6, 4, 3), (1, 7, 2), (5, 9, 8))
2001: ((6, 4, 3), (1, 7, 2), (5, 8, 9))
2002: ((6, 4, 2), (1, 7, 3), (5, 9, 8))
2003: ((6, 4, 2), (1, 7, 3), (5, 8, 9))
2004: ((4, 5, 6), (2, 1, 3), (9, 7, 8))
2005: ((6, 5, 3), (4, 7, 1), (8, 2, 9))
2006: ((1, 4, 3), (2, 5, 6), (9, 7, 8))
2007: ((4, 3, 1), (5, 2, 6), (9, 7, 8))
2008: ((5, 6, 1), (7, 2, 3), (4, 9, 8))
2009: ((5, 6, 1), (7, 2, 3), (4, 8, 9))
2010: ((2, 6, 3), (4, 7, 1), (5, 9, 8))
2011: ((2, 6, 3), (4, 7, 1), (5, 8, 9))
2012: ((6, 5, 1), (4, 3, 2), (7, 9, 8))
2013: ((6, 5, 1), (4, 3, 2), (7, 8, 9))
2014: ((4, 2, 1), (5, 3, 6), (7, 8, 9))
2015: ((6, 5, 1), (7, 3, 2), (4, 9, 8))
2016: ((2, 4, 1), (6, 8, 3), (7, 9, 5))
2017: ((6, 5, 1), (7, 3, 2), (4, 8, 9))
2018: ((6, 4, 3), (5, 8, 1), (7, 9, 2))
2019: ((6, 5, 3), (9, 2, 1), (7, 4, 8))
2020: ((6, 4, 3), (7, 1, 2), (8, 5, 9))
2021: ((7, 5, 1), (4, 6, 3), (2, 8, 9))
2022: ((2, 4, 1), (6, 5, 8), (7, 3, 9))
2023: ((4, 2, 1), (6, 5, 8), (7, 3, 9))
2024: ((4, 5, 1), (6, 2, 8), (7, 9, 3))
2025: ((2, 4, 1), (6, 3, 8), (7, 5, 9))
2026: ((2, 4, 1), (5, 6, 8), (7, 9, 3))
2027: ((4, 2, 1), (5, 6, 8), (7, 9, 3))
2028: ((7, 1, 3), (4, 5, 6), (2, 9, 8))
2029: ((2, 4, 1), (5, 8, 6), (7, 9, 3))
2030: ((2, 4, 1), (5, 8, 3), (7, 9, 6))
2031: ((7, 1, 3), (4, 6, 5), (2, 8, 9))
2032: ((7, 6, 3), (4, 2, 1), (9, 5, 8))
2033: ((1, 4, 3), (7, 6, 5), (2, 8, 9))
2034: ((7, 4, 3), (1, 5, 6), (2, 8, 9))
2035: ((1, 4, 3), (7, 5, 6), (2, 9, 8))
2036: ((2, 4, 3), (7, 6, 5), (1, 9, 8))
2037: ((2, 4, 3), (7, 5, 6), (1, 9, 8))
2038: ((2, 4, 3), (7, 6, 5), (1, 8, 9))
2039: ((4, 2, 3), (7, 6, 5), (1, 9, 8))
2040: ((2, 4, 3), (7, 5, 6), (1, 8, 9))
2041: ((4, 2, 3), (7, 5, 6), (1, 9, 8))
2042: ((4, 2, 3), (7, 6, 5), (1, 8, 9))
2043: ((3, 2, 4), (6, 8, 1), (7, 5, 9))
2044: ((3, 2, 4), (5, 6, 1), (7, 9, 8))
2045: ((3, 2, 4), (5, 6, 1), (7, 8, 9))
2046: ((7, 1, 3), (5, 4, 6), (2, 9, 8))
2047: ((7, 4, 6), (5, 1, 3), (2, 9, 8))
2048: ((7, 1, 3), (5, 4, 6), (2, 8, 9))
2049: ((7, 4, 6), (5, 1, 3), (2, 8, 9))
2050: ((6, 2, 3), (9, 5, 1), (4, 7, 8))
2051: ((6, 4, 1), (8, 2, 5), (7, 9, 3))
2052: ((6, 2, 1), (8, 4, 5), (7, 9, 3))
2053: ((6, 4, 1), (8, 5, 2), (7, 9, 3))
2054: ((6, 4, 1), (8, 2, 3), (7, 9, 5))
2055: ((4, 3, 2), (6, 1, 5), (7, 9, 8))
2056: ((4, 3, 2), (6, 1, 5), (7, 8, 9))
2057: ((2, 4, 3), (7, 5, 1), (8, 9, 6))
2058: ((4, 6, 2), (7, 1, 3), (5, 8, 9))
2059: ((4, 6, 3), (7, 5, 1), (9, 2, 8))
2060: ((4, 1, 2), (5, 6, 3), (7, 8, 9))
2061: ((7, 6, 3), (4, 1, 2), (5, 9, 8))
2062: ((2, 5, 1), (4, 3, 6), (7, 8, 9))
2063: ((7, 6, 3), (4, 1, 2), (5, 8, 9))
2064: ((4, 1, 3), (6, 5, 2), (7, 9, 8))
2065: ((4, 3, 1), (2, 9, 6), (7, 8, 5))
2066: ((4, 1, 3), (6, 5, 2), (7, 8, 9))
2067: ((1, 4, 3), (5, 6, 2), (7, 9, 8))
2068: ((1, 4, 3), (5, 6, 2), (7, 8, 9))
2069: ((4, 1, 3), (7, 5, 6), (2, 8, 9))
2070: ((1, 6, 2), (5, 4, 3), (7, 8, 9))
2071: ((1, 2, 3), (4, 5, 8), (7, 9, 6))
2072: ((2, 4, 6), (1, 5, 3), (7, 8, 9))
2073: ((6, 4, 1), (7, 5, 9), (2, 8, 3))
2074: ((4, 2, 6), (5, 1, 3), (7, 8, 9))
2075: ((6, 4, 1), (7, 8, 9), (2, 5, 3))
2076: ((2, 1, 3), (7, 6, 5), (4, 9, 8))
2077: ((1, 2, 3), (7, 6, 5), (4, 9, 8))
2078: ((4, 2, 3), (7, 1, 6), (5, 8, 9))
2079: ((2, 1, 3), (7, 5, 6), (4, 9, 8))
2080: ((2, 1, 3), (7, 6, 5), (4, 8, 9))
2081: ((4, 5, 3), (2, 9, 1), (7, 6, 8))
2082: ((4, 5, 3), (2, 9, 1), (7, 8, 6))
2083: ((2, 5, 3), (4, 9, 1), (7, 6, 8))
2084: ((2, 5, 3), (4, 9, 1), (7, 8, 6))
2085: ((4, 5, 1), (2, 9, 3), (7, 6, 8))
2086: ((4, 5, 1), (2, 9, 3), (7, 8, 6))
2087: ((2, 5, 1), (4, 9, 3), (7, 6, 8))
2088: ((2, 5, 1), (4, 9, 3), (7, 8, 6))
2089: ((6, 4, 3), (7, 9, 1), (8, 2, 5))
2090: ((4, 5, 3), (2, 1, 8), (7, 6, 9))
2091: ((6, 4, 3), (7, 8, 1), (2, 9, 5))
2092: ((6, 4, 1), (3, 2, 5), (9, 7, 8))
2093: ((6, 2, 1), (3, 4, 5), (9, 7, 8))
2094: ((6, 5, 1), (7, 2, 8), (4, 9, 3))
2095: ((6, 2, 1), (7, 5, 8), (4, 9, 3))
2096: ((7, 6, 3), (4, 9, 1), (5, 2, 8))
2097: ((6, 4, 1), (7, 8, 3), (2, 9, 5))
2098: ((6, 2, 3), (4, 1, 5), (9, 7, 8))
2099: ((4, 3, 5), (2, 6, 1), (7, 9, 8))
2100: ((4, 3, 5), (2, 6, 1), (7, 8, 9))
2101: ((4, 6, 1), (2, 8, 3), (7, 9, 5))
2102: ((2, 1, 6), (5, 4, 3), (7, 9, 8))
2103: ((1, 2, 6), (5, 4, 3), (7, 9, 8))
2104: ((4, 5, 3), (2, 8, 1), (7, 9, 6))
2105: ((1, 4, 6), (2, 5, 8), (7, 9, 3))
2106: ((4, 1, 6), (5, 2, 8), (7, 9, 3))
2107: ((6, 5, 1), (4, 7, 8), (2, 9, 3))
2108: ((7, 6, 3), (4, 8, 1), (2, 5, 9))
2109: ((7, 6, 3), (5, 2, 1), (4, 9, 8))
2110: ((4, 6, 3), (7, 5, 1), (8, 2, 9))
2111: ((1, 4, 6), (7, 5, 3), (2, 9, 8))
2112: ((7, 1, 6), (4, 5, 3), (2, 9, 8))
2113: ((7, 6, 1), (4, 3, 5), (2, 9, 8))
2114: ((4, 6, 1), (2, 5, 8), (7, 3, 9))
2115: ((2, 6, 1), (4, 5, 8), (7, 3, 9))
2116: ((2, 6, 1), (7, 5, 8), (4, 9, 3))
2117: ((4, 5, 1), (2, 6, 8), (7, 9, 3))
2118: ((6, 4, 3), (5, 7, 1), (9, 8, 2))
2119: ((6, 4, 3), (7, 5, 1), (9, 8, 2))
2120: ((4, 6, 3), (5, 9, 1), (7, 8, 2))
2121: ((6, 4, 3), (7, 9, 1), (8, 5, 2))
2122: ((5, 6, 3), (7, 9, 1), (4, 2, 8))
2123: ((6, 1, 5), (4, 7, 3), (2, 9, 8))
2124: ((5, 6, 2), (4, 1, 3), (7, 8, 9))
2125: ((4, 1, 3), (7, 2, 5), (6, 8, 9))
2126: ((5, 6, 3), (1, 4, 2), (7, 9, 8))
2127: ((5, 6, 3), (7, 1, 2), (4, 9, 8))
2128: ((4, 6, 3), (8, 2, 1), (7, 5, 9))
2129: ((2, 4, 3), (5, 1, 9), (7, 8, 6))
2130: ((7, 3, 1), (4, 5, 6), (2, 9, 8))
2131: ((7, 5, 6), (4, 3, 1), (2, 9, 8))
2132: ((7, 2, 3), (5, 4, 1), (6, 8, 9))
2133: ((7, 4, 1), (5, 2, 3), (6, 9, 8))
2134: ((7, 4, 3), (2, 8, 1), (6, 5, 9))
2135: ((2, 4, 3), (7, 6, 1), (9, 8, 5))
2136: ((7, 4, 1), (5, 3, 6), (2, 9, 8))
2137: ((7, 4, 1), (6, 9, 3), (2, 8, 5))
2138: ((7, 1, 5), (6, 4, 3), (2, 9, 8))
2139: ((6, 3, 4), (7, 5, 1), (8, 2, 9))
2140: ((7, 4, 1), (6, 8, 3), (2, 5, 9))
2141: ((7, 4, 3), (6, 5, 1), (8, 2, 9))
2142: ((7, 4, 3), (6, 2, 1), (8, 5, 9))
2143: ((4, 2, 6), (1, 3, 5), (7, 8, 9))
2144: ((4, 7, 3), (6, 5, 1), (2, 9, 8))
2145: ((4, 7, 3), (6, 5, 1), (2, 8, 9))
2146: ((4, 7, 1), (6, 5, 3), (2, 9, 8))
2147: ((4, 7, 1), (6, 5, 3), (2, 8, 9))
2148: ((6, 1, 4), (2, 9, 3), (7, 5, 8))
2149: ((6, 1, 4), (2, 9, 3), (7, 8, 5))
2150: ((1, 6, 4), (2, 9, 3), (7, 5, 8))
2151: ((6, 1, 4), (2, 9, 3), (5, 7, 8))
2152: ((4, 3, 1), (2, 5, 8), (7, 6, 9))
2153: ((5, 2, 6), (4, 3, 1), (7, 8, 9))
2154: ((4, 3, 1), (5, 2, 8), (7, 9, 6))
2155: ((2, 3, 4), (1, 5, 6), (7, 8, 9))
2156: ((1, 6, 3), (7, 2, 5), (4, 9, 8))
2157: ((4, 6, 3), (2, 7, 1), (5, 8, 9))
2158: ((6, 4, 5), (1, 3, 2), (7, 9, 8))
2159: ((6, 4, 5), (1, 3, 2), (7, 8, 9))
2160: ((6, 1, 9), (2, 4, 3), (7, 8, 5))
2161: ((6, 1, 9), (4, 2, 3), (7, 8, 5))
2162: ((4, 2, 1), (7, 3, 5), (6, 8, 9))
2163: ((4, 6, 3), (7, 2, 5), (1, 9, 8))
2164: ((4, 6, 3), (7, 2, 5), (1, 8, 9))
2165: ((6, 2, 3), (4, 1, 9), (7, 5, 8))
2166: ((4, 1, 6), (2, 9, 3), (7, 8, 5))
2167: ((1, 4, 6), (2, 9, 3), (7, 5, 8))
2168: ((6, 1, 3), (7, 2, 9), (4, 5, 8))
2169: ((6, 4, 9), (1, 5, 3), (7, 2, 8))
2170: ((2, 4, 3), (6, 7, 1), (5, 8, 9))
2171: ((6, 2, 5), (7, 3, 1), (4, 8, 9))
2172: ((6, 4, 3), (7, 2, 9), (1, 5, 8))
2173: ((6, 2, 3), (7, 4, 9), (1, 5, 8))
2174: ((2, 6, 3), (1, 4, 8), (7, 9, 5))
2175: ((2, 6, 3), (7, 1, 8), (4, 9, 5))
2176: ((6, 1, 3), (4, 7, 8), (2, 9, 5))
2177: ((6, 4, 3), (1, 7, 8), (2, 9, 5))
2178: ((6, 4, 3), (1, 7, 8), (2, 5, 9))
2179: ((2, 6, 5), (7, 1, 3), (4, 9, 8))
2180: ((6, 5, 2), (7, 1, 3), (4, 8, 9))
2181: ((6, 1, 3), (7, 5, 2), (4, 8, 9))
2182: ((6, 4, 1), (3, 2, 9), (7, 5, 8))
2183: ((6, 2, 1), (3, 4, 9), (7, 5, 8))
2184: ((6, 4, 3), (5, 7, 1), (8, 2, 9))
2185: ((5, 2, 1), (4, 6, 3), (7, 8, 9))
2186: ((4, 5, 3), (6, 2, 1), (9, 8, 7))
2187: ((6, 3, 1), (2, 7, 4), (9, 8, 5))
2188: ((6, 1, 3), (7, 2, 4), (5, 8, 9))
2189: ((6, 7, 3), (2, 4, 1), (9, 5, 8))
2190: ((6, 7, 3), (4, 2, 1), (9, 5, 8))
2191: ((6, 7, 3), (2, 4, 1), (9, 8, 5))
2192: ((6, 7, 3), (4, 2, 1), (9, 8, 5))
2193: ((6, 7, 3), (2, 5, 1), (9, 4, 8))
2194: ((6, 7, 1), (2, 4, 3), (9, 5, 8))
2195: ((6, 7, 1), (4, 2, 3), (9, 5, 8))
2196: ((6, 7, 3), (5, 4, 1), (2, 9, 8))
2197: ((6, 7, 3), (4, 5, 1), (2, 9, 8))
2198: ((6, 7, 3), (5, 4, 1), (2, 8, 9))
2199: ((6, 7, 3), (4, 5, 1), (2, 8, 9))
2200: ((6, 7, 1), (5, 4, 3), (2, 9, 8))
2201: ((6, 7, 1), (4, 5, 3), (2, 9, 8))
2202: ((6, 7, 1), (5, 4, 3), (2, 8, 9))
2203: ((6, 7, 1), (4, 5, 3), (2, 8, 9))
2204: ((2, 3, 4), (5, 6, 1), (9, 7, 8))
2205: ((6, 3, 4), (1, 5, 9), (7, 2, 8))
2206: ((2, 4, 3), (6, 5, 1), (8, 9, 7))
2207: ((4, 2, 3), (6, 5, 1), (8, 9, 7))
2208: ((6, 3, 4), (2, 1, 8), (7, 5, 9))
2209: ((6, 3, 4), (1, 2, 8), (7, 5, 9))
2210: ((6, 1, 2), (7, 4, 3), (5, 8, 9))
2211: ((6, 3, 2), (7, 5, 1), (4, 9, 8))
2212: ((6, 2, 3), (4, 9, 1), (7, 8, 5))
2213: ((6, 2, 3), (7, 9, 1), (4, 5, 8))
2214: ((2, 1, 3), (6, 4, 9), (7, 8, 5))
2215: ((1, 2, 3), (6, 4, 9), (7, 8, 5))
2216: ((6, 3, 1), (7, 2, 5), (4, 9, 8))
2217: ((4, 6, 1), (2, 5, 9), (7, 8, 3))
2218: ((2, 6, 1), (4, 5, 9), (7, 8, 3))
2219: ((2, 4, 9), (6, 1, 3), (7, 5, 8))
2220: ((4, 2, 9), (6, 1, 3), (7, 5, 8))
2221: ((1, 4, 3), (2, 5, 6), (7, 8, 9))
2222: ((6, 3, 1), (4, 7, 5), (2, 9, 8))
2223: ((4, 2, 5), (7, 1, 3), (6, 8, 9))
2224: ((2, 1, 5), (7, 4, 3), (6, 9, 8))
2225: ((1, 2, 5), (7, 4, 3), (6, 9, 8))
2226: ((4, 3, 2), (6, 8, 1), (7, 5, 9))
2227: ((6, 3, 4), (2, 5, 1), (8, 9, 7))
2228: ((4, 6, 3), (1, 5, 9), (7, 2, 8))
2229: ((1, 6, 3), (4, 5, 9), (7, 2, 8))
2230: ((2, 6, 3), (1, 4, 9), (7, 5, 8))
2231: ((2, 6, 3), (7, 1, 9), (4, 5, 8))
2232: ((4, 6, 9), (2, 1, 3), (7, 5, 8))
2233: ((2, 6, 9), (4, 1, 3), (7, 5, 8))
2234: ((4, 6, 9), (1, 2, 3), (7, 5, 8))
2235: ((1, 6, 9), (4, 2, 3), (7, 5, 8))
2236: ((6, 1, 3), (7, 4, 9), (2, 8, 5))
2237: ((6, 3, 4), (5, 2, 1), (8, 9, 7))
2238: ((6, 1, 3), (4, 7, 9), (2, 5, 8))
2239: ((4, 6, 9), (2, 1, 3), (7, 8, 5))
2240: ((6, 4, 3), (1, 7, 9), (2, 5, 8))
2241: ((6, 4, 3), (1, 5, 9), (2, 7, 8))
2242: ((6, 3, 1), (4, 7, 5), (2, 8, 9))
2243: ((2, 1, 5), (7, 4, 3), (6, 8, 9))
2244: ((6, 4, 9), (7, 1, 3), (2, 5, 8))
2245: ((2, 4, 9), (6, 1, 3), (7, 8, 5))
2246: ((2, 1, 9), (6, 4, 3), (7, 5, 8))
2247: ((1, 2, 9), (6, 4, 3), (7, 5, 8))
2248: ((6, 4, 3), (1, 7, 9), (2, 8, 5))
2249: ((1, 2, 3), (4, 5, 6), (7, 8, 9))
