Search steps:
0: ((4, 9, 5), (1, 3, 6), (8, 2, 7))
1: ((1, 9, 5), (4, 3, 6), (8, 2, 7))
2: ((4, 9, 5), (1, 6, 3), (8, 2, 7))
3: ((1, 9, 5), (4, 6, 3), (8, 2, 7))
4: ((4, 9, 3), (1, 6, 5), (8, 2, 7))
5: ((1, 9, 3), (4, 6, 5), (8, 2, 7))
6: ((4, 9, 5), (1, 2, 3), (8, 6, 7))
7: ((1, 9, 5), (4, 2, 3), (8, 6, 7))
8: ((4, 9, 5), (1, 3, 6), (2, 8, 7))
9: ((1, 9, 5), (4, 3, 6), (2, 8, 7))
10: ((4, 9, 3), (1, 5, 6), (8, 2, 7))
11: ((4, 9, 6), (1, 3, 5), (8, 2, 7))
12: ((1, 9, 6), (4, 3, 5), (8, 2, 7))
13: ((4, 9, 6), (1, 5, 3), (8, 2, 7))
14: ((1, 9, 6), (4, 5, 3), (8, 2, 7))
15: ((1, 9, 3), (4, 5, 6), (8, 2, 7))
16: ((4, 9, 5), (1, 6, 3), (2, 8, 7))
17: ((1, 9, 5), (4, 6, 3), (2, 8, 7))
18: ((4, 9, 5), (1, 2, 6), (8, 3, 7))
19: ((1, 9, 5), (4, 2, 6), (8, 3, 7))
20: ((4, 9, 5), (1, 3, 7), (8, 2, 6))
21: ((1, 9, 5), (4, 3, 7), (8, 2, 6))
22: ((4, 9, 5), (1, 2, 3), (8, 7, 6))
23: ((1, 9, 5), (4, 2, 3), (8, 7, 6))
24: ((4, 9, 5), (1, 7, 3), (8, 2, 6))
25: ((1, 9, 5), (4, 7, 3), (8, 2, 6))
26: ((4, 9, 5), (1, 2, 3), (7, 8, 6))
27: ((4, 9, 5), (1, 2, 6), (8, 7, 3))
28: ((1, 9, 5), (4, 2, 6), (8, 7, 3))
29: ((4, 9, 5), (1, 2, 6), (7, 8, 3))
30: ((1, 9, 5), (4, 2, 6), (7, 8, 3))
31: ((4, 9, 5), (1, 3, 6), (2, 7, 8))
32: ((1, 9, 5), (4, 3, 6), (2, 7, 8))
33: ((4, 9, 6), (1, 2, 3), (8, 5, 7))
34: ((1, 9, 6), (4, 2, 3), (8, 5, 7))
35: ((4, 9, 5), (1, 3, 6), (8, 7, 2))
36: ((1, 9, 5), (4, 3, 6), (8, 7, 2))
37: ((4, 9, 5), (1, 3, 6), (7, 8, 2))
38: ((1, 9, 5), (4, 3, 6), (7, 8, 2))
39: ((4, 9, 5), (1, 6, 3), (8, 7, 2))
40: ((1, 9, 5), (4, 6, 3), (8, 7, 2))
41: ((4, 9, 5), (1, 6, 3), (7, 8, 2))
42: ((4, 9, 5), (1, 3, 2), (8, 7, 6))
43: ((1, 9, 5), (4, 3, 2), (8, 7, 6))
44: ((4, 9, 5), (1, 3, 2), (7, 8, 6))
45: ((1, 9, 5), (4, 6, 3), (7, 8, 2))
46: ((1, 9, 5), (4, 3, 2), (7, 8, 6))
47: ((4, 9, 5), (1, 3, 6), (7, 2, 8))
48: ((1, 9, 5), (4, 3, 6), (7, 2, 8))
49: ((1, 9, 5), (4, 2, 3), (7, 8, 6))
50: ((4, 9, 6), (1, 3, 5), (2, 8, 7))
51: ((1, 9, 6), (4, 3, 5), (2, 8, 7))
52: ((4, 9, 6), (1, 5, 3), (2, 8, 7))
53: ((1, 9, 6), (4, 5, 3), (2, 8, 7))
54: ((4, 9, 6), (1, 2, 5), (8, 3, 7))
55: ((1, 9, 6), (4, 2, 5), (8, 3, 7))
56: ((4, 9, 3), (1, 7, 5), (8, 2, 6))
57: ((1, 9, 3), (4, 7, 5), (8, 2, 6))
58: ((4, 9, 6), (1, 5, 2), (8, 3, 7))
59: ((1, 9, 6), (4, 5, 2), (8, 3, 7))
60: ((4, 5, 9), (1, 3, 6), (8, 2, 7))
61: ((1, 5, 9), (4, 3, 6), (8, 2, 7))
62: ((4, 3, 9), (1, 5, 6), (8, 2, 7))
63: ((1, 3, 9), (4, 5, 6), (8, 2, 7))
64: ((4, 5, 9), (1, 6, 3), (8, 2, 7))
65: ((1, 5, 9), (4, 6, 3), (8, 2, 7))
66: ((4, 3, 9), (1, 2, 6), (8, 5, 7))
67: ((1, 3, 9), (4, 2, 6), (8, 5, 7))
68: ((4, 9, 5), (1, 2, 7), (8, 3, 6))
69: ((1, 9, 5), (4, 2, 7), (8, 3, 6))
70: ((4, 9, 5), (1, 3, 7), (2, 8, 6))
71: ((1, 9, 5), (4, 3, 7), (2, 8, 6))
72: ((4, 9, 6), (1, 3, 5), (8, 7, 2))
73: ((1, 9, 6), (4, 3, 5), (8, 7, 2))
74: ((4, 9, 6), (1, 3, 5), (7, 8, 2))
75: ((4, 9, 6), (1, 5, 3), (8, 7, 2))
76: ((1, 9, 6), (4, 3, 5), (7, 8, 2))
77: ((1, 9, 6), (4, 5, 3), (8, 7, 2))
78: ((4, 9, 6), (1, 5, 3), (7, 8, 2))
79: ((1, 9, 6), (4, 5, 3), (7, 8, 2))
80: ((4, 2, 5), (1, 9, 6), (8, 3, 7))
81: ((1, 2, 5), (4, 9, 6), (8, 3, 7))
82: ((4, 5, 9), (1, 2, 3), (8, 6, 7))
83: ((1, 5, 9), (4, 2, 3), (8, 6, 7))
84: ((4, 2, 9), (1, 5, 3), (8, 6, 7))
85: ((4, 9, 3), (1, 6, 5), (8, 7, 2))
86: ((1, 9, 3), (4, 6, 5), (8, 7, 2))
87: ((4, 9, 3), (1, 6, 5), (7, 8, 2))
88: ((4, 9, 5), (1, 6, 3), (2, 7, 8))
89: ((1, 9, 5), (4, 6, 3), (2, 7, 8))
90: ((1, 2, 9), (4, 5, 3), (8, 6, 7))
91: ((4, 9, 3), (1, 5, 6), (8, 7, 2))
92: ((1, 9, 3), (4, 6, 5), (7, 8, 2))
93: ((1, 9, 3), (4, 5, 6), (8, 7, 2))
94: ((4, 9, 3), (1, 2, 5), (8, 6, 7))
95: ((1, 9, 3), (4, 2, 5), (8, 6, 7))
96: ((4, 5, 9), (1, 3, 6), (2, 8, 7))
97: ((1, 5, 9), (4, 3, 6), (2, 8, 7))
98: ((4, 3, 9), (1, 5, 6), (2, 8, 7))
99: ((1, 3, 9), (4, 5, 6), (2, 8, 7))
100: ((4, 5, 9), (1, 6, 3), (2, 8, 7))
101: ((1, 5, 9), (4, 6, 3), (2, 8, 7))
102: ((4, 9, 5), (1, 7, 6), (8, 2, 3))
103: ((1, 9, 5), (4, 7, 6), (8, 2, 3))
104: ((4, 9, 3), (1, 6, 5), (2, 8, 7))
105: ((1, 9, 3), (4, 6, 5), (2, 8, 7))
106: ((4, 5, 9), (1, 2, 6), (8, 3, 7))
107: ((1, 5, 9), (4, 2, 6), (8, 3, 7))
108: ((4, 2, 9), (1, 5, 6), (8, 3, 7))
109: ((1, 2, 9), (4, 5, 6), (8, 3, 7))
110: ((4, 9, 3), (1, 5, 6), (2, 8, 7))
111: ((1, 9, 3), (4, 5, 6), (2, 8, 7))
112: ((4, 9, 3), (1, 2, 5), (8, 7, 6))
113: ((1, 9, 3), (4, 2, 5), (8, 7, 6))
114: ((4, 5, 9), (1, 2, 3), (8, 7, 6))
115: ((1, 5, 9), (4, 2, 3), (8, 7, 6))
116: ((4, 3, 5), (1, 9, 6), (8, 2, 7))
117: ((1, 3, 5), (4, 9, 6), (8, 2, 7))
118: ((4, 5, 3), (1, 9, 6), (8, 2, 7))
119: ((1, 5, 3), (4, 9, 6), (8, 2, 7))
120: ((4, 3, 5), (1, 2, 6), (8, 9, 7))
121: ((1, 3, 5), (4, 2, 6), (8, 9, 7))
122: ((4, 3, 5), (1, 2, 6), (8, 7, 9))
123: ((1, 3, 5), (4, 2, 6), (8, 7, 9))
124: ((4, 3, 5), (1, 2, 6), (7, 8, 9))
125: ((4, 2, 5), (1, 3, 6), (8, 9, 7))
126: ((1, 2, 5), (4, 3, 6), (8, 9, 7))
127: ((4, 5, 6), (1, 9, 3), (8, 2, 7))
128: ((1, 5, 6), (4, 9, 3), (8, 2, 7))
129: ((4, 3, 5), (1, 9, 6), (2, 8, 7))
130: ((1, 3, 5), (4, 9, 6), (2, 8, 7))
131: ((4, 3, 6), (1, 9, 5), (8, 2, 7))
132: ((1, 3, 6), (4, 9, 5), (8, 2, 7))
133: ((4, 5, 3), (1, 2, 6), (8, 9, 7))
134: ((1, 5, 3), (4, 2, 6), (8, 9, 7))
135: ((4, 2, 3), (1, 5, 6), (8, 9, 7))
136: ((1, 3, 5), (4, 2, 6), (7, 8, 9))
137: ((4, 5, 3), (1, 9, 6), (2, 8, 7))
138: ((1, 5, 3), (4, 9, 6), (2, 8, 7))
139: ((4, 3, 6), (1, 5, 9), (8, 2, 7))
140: ((1, 3, 6), (4, 5, 9), (8, 2, 7))
141: ((1, 2, 3), (4, 5, 6), (8, 9, 7))
142: ((4, 3, 5), (1, 6, 9), (8, 2, 7))
143: ((1, 3, 5), (4, 6, 9), (8, 2, 7))
144: ((4, 5, 3), (1, 6, 9), (8, 2, 7))
145: ((1, 5, 3), (4, 6, 9), (8, 2, 7))
146: ((4, 3, 5), (1, 2, 9), (8, 6, 7))
147: ((1, 3, 5), (4, 2, 9), (8, 6, 7))
148: ((4, 3, 5), (1, 9, 7), (8, 2, 6))
149: ((1, 3, 5), (4, 9, 7), (8, 2, 6))
150: ((4, 5, 3), (1, 9, 7), (8, 2, 6))
151: ((1, 5, 3), (4, 9, 7), (8, 2, 6))
152: ((4, 3, 6), (1, 2, 5), (8, 9, 7))
153: ((1, 3, 6), (4, 2, 5), (8, 9, 7))
154: ((4, 3, 5), (1, 2, 9), (8, 7, 6))
155: ((1, 3, 5), (4, 2, 9), (8, 7, 6))
156: ((4, 3, 5), (1, 2, 7), (8, 9, 6))
157: ((1, 3, 5), (4, 2, 7), (8, 9, 6))
158: ((4, 5, 9), (1, 3, 7), (8, 2, 6))
159: ((1, 5, 9), (4, 3, 7), (8, 2, 6))
160: ((4, 3, 9), (1, 5, 7), (8, 2, 6))
161: ((1, 3, 9), (4, 5, 7), (8, 2, 6))
162: ((4, 5, 6), (1, 3, 9), (8, 2, 7))
163: ((1, 5, 6), (4, 3, 9), (8, 2, 7))
164: ((4, 9, 6), (1, 3, 5), (2, 7, 8))
165: ((1, 9, 6), (4, 3, 5), (2, 7, 8))
166: ((4, 9, 6), (1, 5, 3), (2, 7, 8))
167: ((1, 9, 6), (4, 5, 3), (2, 7, 8))
168: ((4, 5, 9), (1, 2, 6), (8, 7, 3))
169: ((1, 5, 9), (4, 2, 6), (8, 7, 3))
170: ((4, 5, 9), (1, 2, 6), (7, 8, 3))
171: ((4, 2, 9), (1, 5, 6), (8, 7, 3))
172: ((1, 5, 9), (4, 2, 6), (7, 8, 3))
173: ((1, 2, 9), (4, 5, 6), (8, 7, 3))
174: ((4, 9, 6), (1, 2, 5), (8, 7, 3))
175: ((1, 9, 6), (4, 2, 5), (8, 7, 3))
176: ((4, 9, 6), (1, 2, 5), (7, 8, 3))
177: ((1, 9, 6), (4, 2, 5), (7, 8, 3))
178: ((4, 9, 5), (8, 3, 6), (1, 2, 7))
179: ((4, 9, 5), (8, 6, 3), (1, 2, 7))
180: ((4, 9, 6), (8, 3, 5), (1, 2, 7))
181: ((4, 9, 6), (8, 5, 3), (1, 2, 7))
182: ((4, 9, 5), (8, 2, 6), (1, 3, 7))
183: ((4, 9, 3), (8, 6, 5), (1, 2, 7))
184: ((4, 9, 5), (8, 2, 3), (1, 6, 7))
185: ((4, 9, 3), (8, 5, 6), (1, 2, 7))
186: ((4, 9, 5), (8, 2, 3), (1, 7, 6))
187: ((4, 9, 5), (8, 3, 7), (1, 2, 6))
188: ((4, 9, 3), (1, 2, 6), (8, 5, 7))
189: ((1, 9, 3), (4, 2, 6), (8, 5, 7))
190: ((4, 9, 5), (8, 7, 3), (1, 2, 6))
191: ((4, 9, 6), (8, 2, 3), (1, 5, 7))
192: ((4, 9, 5), (8, 2, 6), (1, 7, 3))
193: ((4, 9, 3), (1, 5, 6), (7, 8, 2))
194: ((1, 9, 5), (8, 3, 6), (4, 2, 7))
195: ((1, 9, 5), (8, 6, 3), (4, 2, 7))
196: ((4, 5, 9), (1, 3, 6), (2, 7, 8))
197: ((1, 5, 9), (4, 3, 6), (2, 7, 8))
198: ((4, 5, 9), (1, 2, 3), (7, 8, 6))
199: ((8, 9, 5), (4, 3, 6), (1, 2, 7))
200: ((8, 9, 5), (1, 3, 6), (4, 2, 7))
201: ((8, 9, 5), (4, 6, 3), (1, 2, 7))
202: ((4, 9, 3), (1, 2, 5), (7, 8, 6))
203: ((4, 2, 9), (1, 5, 6), (7, 8, 3))
204: ((4, 2, 5), (1, 9, 6), (8, 7, 3))
205: ((1, 2, 5), (4, 9, 6), (8, 7, 3))
206: ((4, 2, 5), (1, 9, 6), (7, 8, 3))
207: ((4, 2, 5), (1, 9, 3), (8, 7, 6))
208: ((1, 2, 5), (4, 9, 6), (7, 8, 3))
209: ((1, 2, 5), (4, 9, 3), (8, 7, 6))
210: ((4, 2, 5), (1, 9, 3), (7, 8, 6))
211: ((4, 9, 5), (3, 1, 6), (8, 2, 7))
212: ((3, 9, 5), (4, 1, 6), (8, 2, 7))
213: ((4, 9, 6), (3, 1, 5), (8, 2, 7))
214: ((4, 9, 5), (3, 1, 6), (2, 8, 7))
215: ((3, 9, 5), (1, 4, 6), (8, 2, 7))
216: ((4, 9, 5), (3, 1, 7), (8, 2, 6))
217: ((4, 3, 9), (1, 2, 7), (8, 5, 6))
218: ((1, 3, 9), (4, 2, 7), (8, 5, 6))
219: ((4, 9, 5), (3, 1, 6), (2, 7, 8))
220: ((4, 5, 9), (1, 7, 3), (8, 2, 6))
221: ((1, 5, 9), (4, 7, 3), (8, 2, 6))
222: ((4, 3, 5), (1, 2, 9), (7, 8, 6))
223: ((4, 9, 5), (1, 6, 2), (8, 3, 7))
224: ((1, 9, 5), (4, 6, 2), (8, 3, 7))
225: ((4, 9, 5), (1, 6, 2), (8, 7, 3))
226: ((1, 9, 5), (4, 6, 2), (8, 7, 3))
227: ((4, 9, 5), (1, 6, 2), (7, 8, 3))
228: ((1, 9, 5), (4, 6, 2), (7, 8, 3))
229: ((4, 9, 5), (1, 7, 3), (2, 8, 6))
230: ((1, 9, 5), (4, 7, 3), (2, 8, 6))
231: ((4, 3, 6), (1, 2, 9), (8, 5, 7))
232: ((1, 3, 6), (4, 2, 9), (8, 5, 7))
233: ((4, 3, 5), (1, 9, 6), (2, 7, 8))
234: ((1, 3, 5), (4, 9, 6), (2, 7, 8))
235: ((1, 9, 5), (3, 4, 6), (8, 2, 7))
236: ((4, 2, 9), (1, 5, 3), (8, 7, 6))
237: ((4, 1, 5), (3, 9, 6), (8, 2, 7))
238: ((1, 4, 5), (3, 9, 6), (8, 2, 7))
239: ((4, 1, 5), (3, 2, 6), (8, 9, 7))
240: ((3, 9, 5), (4, 1, 6), (2, 8, 7))
241: ((4, 9, 2), (1, 6, 5), (8, 3, 7))
242: ((1, 9, 2), (4, 6, 5), (8, 3, 7))
243: ((4, 9, 2), (1, 5, 6), (8, 3, 7))
244: ((1, 9, 2), (4, 5, 6), (8, 3, 7))
245: ((4, 1, 5), (3, 2, 6), (8, 7, 9))
246: ((4, 1, 5), (3, 2, 6), (7, 8, 9))
247: ((4, 9, 2), (1, 3, 5), (8, 7, 6))
248: ((1, 9, 2), (4, 3, 5), (8, 7, 6))
249: ((4, 9, 2), (1, 3, 5), (7, 8, 6))
250: ((4, 9, 2), (1, 5, 3), (8, 7, 6))
251: ((1, 9, 2), (4, 3, 5), (7, 8, 6))
252: ((1, 9, 2), (4, 5, 3), (8, 7, 6))
253: ((4, 9, 2), (1, 5, 3), (7, 8, 6))
254: ((4, 5, 2), (1, 9, 6), (8, 3, 7))
255: ((1, 5, 2), (4, 9, 6), (8, 3, 7))
256: ((4, 3, 6), (1, 2, 5), (8, 7, 9))
257: ((1, 3, 6), (4, 2, 5), (8, 7, 9))
258: ((4, 3, 6), (1, 2, 5), (7, 8, 9))
259: ((3, 9, 6), (4, 1, 5), (8, 2, 7))
260: ((4, 9, 5), (1, 2, 3), (6, 8, 7))
261: ((1, 9, 5), (4, 2, 3), (6, 8, 7))
262: ((3, 1, 5), (4, 9, 6), (8, 2, 7))
263: ((3, 9, 5), (4, 1, 7), (8, 2, 6))
264: ((4, 5, 3), (1, 2, 6), (8, 7, 9))
265: ((1, 5, 3), (4, 2, 6), (8, 7, 9))
266: ((4, 5, 3), (1, 2, 6), (7, 8, 9))
267: ((4, 2, 5), (1, 3, 6), (8, 7, 9))
268: ((1, 2, 5), (4, 3, 6), (8, 7, 9))
269: ((4, 2, 5), (1, 3, 6), (7, 8, 9))
270: ((4, 2, 3), (1, 5, 6), (8, 7, 9))
271: ((4, 3, 5), (1, 9, 6), (7, 2, 8))
272: ((1, 3, 5), (4, 9, 6), (7, 2, 8))
273: ((4, 9, 5), (3, 1, 6), (7, 2, 8))
274: ((4, 9, 5), (1, 3, 2), (8, 6, 7))
275: ((1, 9, 5), (4, 3, 2), (8, 6, 7))
276: ((4, 9, 5), (3, 1, 6), (8, 7, 2))
277: ((4, 9, 5), (3, 1, 6), (7, 8, 2))
278: ((4, 9, 5), (3, 1, 2), (8, 7, 6))
279: ((4, 9, 5), (3, 1, 2), (7, 8, 6))
280: ((3, 9, 5), (4, 1, 6), (8, 7, 2))
281: ((3, 9, 5), (4, 1, 6), (7, 8, 2))
282: ((4, 5, 9), (1, 3, 6), (7, 2, 8))
283: ((1, 5, 9), (4, 3, 6), (7, 2, 8))
284: ((4, 9, 5), (1, 6, 3), (7, 2, 8))
285: ((1, 9, 5), (4, 6, 3), (7, 2, 8))
286: ((1, 9, 5), (2, 4, 6), (8, 3, 7))
287: ((4, 9, 5), (1, 2, 6), (3, 8, 7))
288: ((1, 9, 5), (4, 2, 6), (3, 8, 7))
289: ((4, 9, 5), (1, 2, 6), (3, 7, 8))
290: ((1, 9, 5), (4, 2, 6), (3, 7, 8))
291: ((4, 9, 5), (2, 1, 6), (8, 3, 7))
292: ((2, 9, 5), (4, 1, 6), (8, 3, 7))
293: ((4, 9, 5), (2, 1, 6), (8, 7, 3))
294: ((4, 9, 5), (2, 1, 6), (7, 8, 3))
295: ((4, 9, 5), (2, 1, 3), (8, 7, 6))
296: ((2, 9, 5), (4, 1, 6), (8, 7, 3))
297: ((4, 9, 5), (2, 1, 3), (7, 8, 6))
298: ((2, 9, 5), (4, 1, 6), (7, 8, 3))
299: ((4, 2, 5), (1, 3, 7), (8, 9, 6))
300: ((1, 2, 5), (4, 3, 7), (8, 9, 6))
301: ((4, 2, 6), (1, 3, 5), (8, 9, 7))
302: ((1, 2, 6), (4, 3, 5), (8, 9, 7))
303: ((4, 9, 5), (2, 3, 6), (1, 8, 7))
304: ((2, 9, 5), (4, 3, 6), (1, 8, 7))
305: ((4, 9, 5), (2, 6, 3), (1, 8, 7))
306: ((2, 9, 5), (4, 6, 3), (1, 8, 7))
307: ((4, 9, 5), (2, 3, 6), (1, 7, 8))
308: ((2, 9, 5), (4, 3, 6), (1, 7, 8))
309: ((4, 2, 6), (1, 5, 3), (8, 9, 7))
310: ((4, 9, 5), (1, 8, 6), (2, 3, 7))
311: ((1, 9, 5), (4, 8, 6), (2, 3, 7))
312: ((4, 9, 5), (1, 8, 6), (2, 7, 3))
313: ((1, 9, 5), (4, 8, 6), (2, 7, 3))
314: ((4, 9, 5), (1, 8, 3), (2, 7, 6))
315: ((1, 9, 5), (4, 8, 3), (2, 7, 6))
316: ((2, 9, 5), (4, 1, 3), (8, 7, 6))
317: ((4, 9, 5), (1, 8, 6), (7, 2, 3))
318: ((1, 9, 5), (4, 8, 6), (7, 2, 3))
319: ((4, 9, 6), (1, 3, 5), (7, 2, 8))
320: ((1, 9, 6), (4, 3, 5), (7, 2, 8))
321: ((4, 9, 5), (1, 8, 3), (7, 2, 6))
322: ((4, 9, 6), (1, 5, 3), (7, 2, 8))
323: ((1, 9, 5), (2, 3, 6), (4, 8, 7))
324: ((4, 9, 5), (3, 8, 6), (1, 2, 7))
325: ((4, 9, 5), (3, 2, 6), (1, 8, 7))
326: ((3, 9, 5), (4, 8, 6), (1, 2, 7))
327: ((3, 9, 5), (4, 2, 6), (1, 8, 7))
328: ((4, 9, 5), (3, 2, 6), (8, 1, 7))
329: ((3, 9, 5), (4, 2, 6), (8, 1, 7))
330: ((4, 3, 5), (1, 9, 6), (8, 7, 2))
331: ((1, 3, 5), (4, 9, 6), (8, 7, 2))
332: ((4, 3, 5), (1, 9, 6), (7, 8, 2))
333: ((1, 3, 5), (4, 9, 6), (7, 8, 2))
334: ((4, 5, 3), (1, 9, 6), (8, 7, 2))
335: ((1, 5, 3), (4, 9, 6), (8, 7, 2))
336: ((4, 5, 3), (1, 9, 6), (7, 8, 2))
337: ((4, 3, 5), (1, 9, 2), (8, 7, 6))
338: ((1, 3, 5), (4, 9, 2), (8, 7, 6))
339: ((4, 3, 5), (1, 9, 2), (7, 8, 6))
340: ((1, 5, 3), (4, 9, 6), (7, 8, 2))
341: ((1, 3, 5), (4, 9, 2), (7, 8, 6))
342: ((1, 9, 5), (3, 2, 6), (8, 4, 7))
343: ((1, 9, 5), (3, 2, 6), (4, 8, 7))
344: ((4, 9, 5), (8, 3, 6), (1, 7, 2))
345: ((4, 9, 5), (8, 6, 3), (1, 7, 2))
346: ((4, 9, 5), (8, 3, 2), (1, 7, 6))
347: ((4, 9, 5), (1, 2, 7), (8, 6, 3))
348: ((1, 9, 5), (4, 2, 7), (8, 6, 3))
349: ((4, 9, 5), (1, 8, 3), (2, 6, 7))
350: ((1, 9, 5), (4, 8, 3), (2, 6, 7))
351: ((4, 9, 5), (1, 3, 8), (2, 7, 6))
352: ((1, 9, 5), (4, 3, 8), (2, 7, 6))
353: ((4, 2, 9), (1, 3, 6), (8, 5, 7))
354: ((1, 2, 9), (4, 3, 6), (8, 5, 7))
355: ((4, 9, 5), (1, 3, 8), (7, 2, 6))
356: ((1, 9, 5), (4, 3, 8), (7, 2, 6))
357: ((4, 9, 5), (1, 3, 7), (2, 6, 8))
358: ((1, 9, 5), (4, 3, 7), (2, 6, 8))
359: ((4, 2, 5), (1, 3, 9), (8, 6, 7))
360: ((1, 2, 5), (4, 3, 9), (8, 6, 7))
361: ((4, 5, 9), (1, 3, 6), (8, 7, 2))
362: ((1, 5, 9), (4, 3, 6), (8, 7, 2))
363: ((4, 5, 9), (1, 3, 6), (7, 8, 2))
364: ((1, 5, 9), (4, 3, 6), (7, 8, 2))
365: ((4, 3, 9), (1, 5, 6), (8, 7, 2))
366: ((1, 3, 9), (4, 5, 6), (8, 7, 2))
367: ((4, 3, 9), (1, 5, 6), (7, 8, 2))
368: ((4, 5, 9), (1, 6, 3), (8, 7, 2))
369: ((1, 5, 9), (4, 6, 3), (8, 7, 2))
370: ((4, 5, 9), (1, 6, 3), (7, 8, 2))
371: ((4, 5, 9), (1, 3, 2), (8, 7, 6))
372: ((1, 5, 9), (4, 3, 2), (8, 7, 6))
373: ((4, 5, 9), (1, 3, 2), (7, 8, 6))
374: ((1, 3, 9), (4, 5, 6), (7, 8, 2))
375: ((1, 5, 9), (4, 6, 3), (7, 8, 2))
376: ((1, 5, 9), (4, 3, 2), (7, 8, 6))
377: ((3, 9, 5), (1, 4, 6), (2, 8, 7))
378: ((1, 4, 5), (3, 2, 6), (8, 9, 7))
379: ((4, 1, 5), (3, 9, 6), (2, 8, 7))
380: ((4, 1, 6), (3, 9, 5), (8, 2, 7))
381: ((1, 9, 5), (3, 4, 6), (2, 8, 7))
382: ((1, 2, 9), (4, 5, 3), (8, 7, 6))
383: ((1, 9, 6), (3, 4, 5), (8, 2, 7))
384: ((4, 2, 5), (1, 9, 3), (8, 6, 7))
385: ((1, 2, 5), (4, 9, 3), (8, 6, 7))
386: ((4, 5, 3), (1, 9, 6), (2, 7, 8))
387: ((1, 5, 3), (4, 9, 6), (2, 7, 8))
388: ((4, 9, 3), (1, 7, 5), (2, 8, 6))
389: ((1, 9, 3), (4, 7, 5), (2, 8, 6))
390: ((1, 9, 5), (7, 4, 3), (8, 2, 6))
391: ((1, 3, 5), (4, 2, 9), (7, 8, 6))
392: ((4, 5, 9), (1, 7, 6), (8, 2, 3))
393: ((1, 5, 9), (4, 7, 6), (8, 2, 3))
394: ((4, 9, 5), (3, 1, 7), (2, 8, 6))
395: ((4, 9, 6), (3, 1, 5), (2, 8, 7))
396: ((4, 9, 5), (7, 1, 3), (8, 2, 6))
397: ((4, 5, 9), (3, 1, 6), (8, 2, 7))
398: ((4, 1, 9), (3, 5, 6), (8, 2, 7))
399: ((4, 1, 9), (3, 2, 6), (8, 5, 7))
400: ((3, 5, 9), (4, 1, 6), (8, 2, 7))
401: ((3, 1, 9), (4, 5, 6), (8, 2, 7))
402: ((8, 9, 3), (4, 6, 5), (1, 2, 7))
403: ((8, 9, 5), (1, 6, 3), (4, 2, 7))
404: ((8, 9, 5), (4, 2, 6), (1, 3, 7))
405: ((8, 9, 6), (4, 3, 5), (1, 2, 7))
406: ((8, 9, 6), (4, 5, 3), (1, 2, 7))
407: ((8, 9, 5), (4, 2, 3), (1, 6, 7))
408: ((1, 5, 9), (4, 2, 3), (7, 8, 6))
409: ((4, 3, 9), (1, 8, 6), (2, 5, 7))
410: ((1, 3, 9), (4, 8, 6), (2, 5, 7))
411: ((8, 9, 5), (1, 2, 6), (4, 3, 7))
412: ((8, 9, 6), (1, 3, 5), (4, 2, 7))
413: ((8, 9, 6), (1, 5, 3), (4, 2, 7))
414: ((8, 9, 3), (4, 5, 6), (1, 2, 7))
415: ((3, 5, 9), (1, 4, 6), (8, 2, 7))
416: ((1, 9, 3), (4, 2, 5), (7, 8, 6))
417: ((4, 5, 9), (1, 6, 3), (2, 7, 8))
418: ((1, 5, 9), (4, 6, 3), (2, 7, 8))
419: ((4, 3, 9), (1, 5, 6), (2, 7, 8))
420: ((1, 3, 9), (4, 5, 6), (2, 7, 8))
421: ((4, 5, 9), (3, 1, 6), (2, 8, 7))
422: ((4, 1, 9), (3, 5, 6), (2, 8, 7))
423: ((1, 4, 9), (3, 5, 6), (8, 2, 7))
424: ((1, 9, 5), (8, 2, 3), (4, 6, 7))
425: ((1, 9, 3), (8, 6, 5), (4, 2, 7))
426: ((4, 9, 3), (7, 1, 5), (8, 2, 6))
427: ((4, 9, 5), (7, 1, 6), (8, 2, 3))
428: ((4, 9, 6), (1, 8, 3), (2, 5, 7))
429: ((1, 9, 6), (4, 8, 3), (2, 5, 7))
430: ((1, 9, 3), (8, 5, 6), (4, 2, 7))
431: ((4, 2, 6), (1, 9, 5), (8, 3, 7))
432: ((1, 2, 6), (4, 9, 5), (8, 3, 7))
433: ((4, 9, 5), (1, 7, 6), (2, 8, 3))
434: ((1, 9, 5), (4, 7, 6), (2, 8, 3))
435: ((4, 2, 6), (1, 5, 9), (8, 3, 7))
436: ((1, 2, 6), (4, 5, 9), (8, 3, 7))
437: ((7, 9, 5), (4, 1, 3), (8, 2, 6))
438: ((4, 9, 3), (8, 7, 5), (1, 2, 6))
439: ((4, 9, 5), (8, 7, 6), (1, 2, 3))
440: ((4, 9, 3), (1, 5, 2), (8, 6, 7))
441: ((1, 9, 3), (4, 5, 2), (8, 6, 7))
442: ((4, 2, 3), (1, 9, 5), (8, 6, 7))
443: ((1, 2, 3), (4, 9, 5), (8, 6, 7))
444: ((4, 9, 5), (8, 2, 7), (1, 3, 6))
445: ((4, 1, 6), (3, 5, 9), (8, 2, 7))
446: ((1, 4, 6), (3, 9, 5), (8, 2, 7))
447: ((1, 4, 5), (3, 9, 6), (2, 8, 7))
448: ((4, 3, 9), (1, 5, 2), (8, 7, 6))
449: ((1, 3, 9), (4, 5, 2), (8, 7, 6))
450: ((4, 3, 9), (1, 5, 2), (7, 8, 6))
451: ((1, 9, 5), (8, 2, 6), (4, 3, 7))
452: ((1, 3, 9), (4, 5, 2), (7, 8, 6))
453: ((1, 9, 6), (8, 3, 5), (4, 2, 7))
454: ((1, 9, 6), (8, 5, 3), (4, 2, 7))
455: ((1, 2, 9), (4, 5, 6), (7, 8, 3))
456: ((1, 9, 3), (4, 5, 6), (7, 8, 2))
457: ((4, 2, 5), (8, 9, 6), (1, 3, 7))
458: ((4, 9, 6), (8, 2, 5), (1, 3, 7))
459: ((4, 9, 3), (8, 2, 5), (1, 6, 7))
460: ((4, 9, 6), (8, 5, 2), (1, 3, 7))
461: ((1, 2, 5), (4, 9, 3), (7, 8, 6))
462: ((4, 9, 5), (2, 8, 6), (1, 3, 7))
463: ((2, 9, 5), (4, 8, 6), (1, 3, 7))
464: ((4, 9, 3), (1, 6, 5), (2, 7, 8))
465: ((1, 9, 3), (4, 6, 5), (2, 7, 8))
466: ((4, 9, 3), (1, 5, 6), (2, 7, 8))
467: ((1, 9, 3), (4, 5, 6), (2, 7, 8))
468: ((4, 9, 3), (1, 8, 5), (2, 6, 7))
469: ((1, 9, 3), (4, 8, 5), (2, 6, 7))
470: ((4, 9, 6), (8, 3, 5), (1, 7, 2))
471: ((4, 9, 6), (8, 5, 3), (1, 7, 2))
472: ((4, 9, 5), (8, 3, 6), (7, 1, 2))
473: ((4, 9, 3), (8, 6, 5), (1, 7, 2))
474: ((4, 9, 5), (8, 6, 3), (7, 1, 2))
475: ((4, 9, 5), (8, 3, 2), (7, 1, 6))
476: ((4, 9, 3), (8, 5, 6), (1, 7, 2))
477: ((4, 9, 5), (8, 2, 3), (7, 1, 6))
478: ((4, 5, 3), (1, 9, 2), (8, 7, 6))
479: ((1, 5, 3), (4, 9, 2), (8, 7, 6))
480: ((4, 5, 3), (1, 9, 2), (7, 8, 6))
481: ((4, 5, 6), (1, 9, 3), (8, 7, 2))
482: ((1, 5, 6), (4, 9, 3), (8, 7, 2))
483: ((4, 5, 6), (1, 9, 3), (7, 8, 2))
484: ((1, 5, 3), (4, 9, 2), (7, 8, 6))
485: ((1, 5, 6), (4, 9, 3), (7, 8, 2))
486: ((1, 9, 5), (7, 3, 6), (4, 8, 2))
487: ((4, 3, 6), (1, 9, 5), (8, 7, 2))
488: ((1, 3, 6), (4, 9, 5), (8, 7, 2))
489: ((4, 3, 6), (1, 9, 5), (7, 8, 2))
490: ((1, 3, 6), (4, 9, 5), (7, 8, 2))
491: ((4, 3, 6), (1, 5, 9), (8, 7, 2))
492: ((1, 3, 6), (4, 5, 9), (8, 7, 2))
493: ((4, 3, 6), (1, 5, 9), (7, 8, 2))
494: ((4, 9, 6), (1, 2, 3), (8, 7, 5))
495: ((1, 9, 6), (4, 2, 3), (8, 7, 5))
496: ((4, 9, 6), (1, 2, 3), (7, 8, 5))
497: ((4, 2, 5), (3, 9, 6), (8, 1, 7))
498: ((4, 9, 6), (3, 2, 5), (8, 1, 7))
499: ((4, 9, 5), (2, 3, 6), (8, 1, 7))
500: ((2, 9, 5), (4, 3, 6), (8, 1, 7))
501: ((3, 9, 5), (1, 8, 6), (4, 2, 7))
502: ((4, 9, 6), (3, 8, 5), (1, 2, 7))
503: ((4, 9, 6), (3, 2, 5), (1, 8, 7))
504: ((1, 9, 5), (4, 8, 3), (7, 2, 6))
505: ((1, 9, 6), (4, 5, 3), (7, 2, 8))
506: ((4, 5, 9), (1, 3, 7), (2, 8, 6))
507: ((1, 5, 9), (4, 3, 7), (2, 8, 6))
508: ((4, 5, 9), (1, 2, 7), (8, 3, 6))
509: ((1, 5, 9), (4, 2, 7), (8, 3, 6))
510: ((4, 2, 9), (1, 5, 7), (8, 3, 6))
511: ((1, 2, 9), (4, 5, 7), (8, 3, 6))
512: ((4, 5, 6), (1, 3, 9), (2, 8, 7))
513: ((1, 5, 6), (4, 3, 9), (2, 8, 7))
514: ((4, 9, 5), (2, 6, 3), (1, 7, 8))
515: ((4, 9, 6), (1, 8, 5), (2, 3, 7))
516: ((1, 9, 6), (4, 8, 5), (2, 3, 7))
517: ((4, 9, 3), (2, 6, 5), (1, 8, 7))
518: ((4, 9, 5), (7, 3, 6), (1, 8, 2))
519: ((2, 9, 5), (1, 3, 6), (4, 8, 7))
520: ((4, 5, 9), (8, 3, 6), (1, 2, 7))
521: ((4, 3, 9), (8, 5, 6), (1, 2, 7))
522: ((4, 5, 9), (8, 6, 3), (1, 2, 7))
523: ((4, 3, 9), (8, 2, 6), (1, 5, 7))
524: ((4, 3, 6), (1, 5, 2), (8, 9, 7))
525: ((1, 3, 6), (4, 5, 2), (8, 9, 7))
526: ((4, 9, 6), (2, 3, 5), (1, 8, 7))
527: ((4, 9, 6), (2, 5, 3), (1, 8, 7))
528: ((2, 9, 6), (4, 3, 5), (1, 8, 7))
529: ((2, 9, 6), (4, 5, 3), (1, 8, 7))
530: ((4, 5, 3), (1, 2, 9), (8, 6, 7))
531: ((1, 5, 3), (4, 2, 9), (8, 6, 7))
532: ((4, 2, 3), (1, 5, 9), (8, 6, 7))
533: ((4, 3, 5), (1, 6, 9), (2, 8, 7))
534: ((1, 3, 5), (4, 6, 9), (2, 8, 7))
535: ((4, 2, 5), (1, 9, 7), (8, 3, 6))
536: ((1, 2, 5), (4, 9, 7), (8, 3, 6))
537: ((4, 9, 5), (1, 8, 6), (3, 2, 7))
538: ((1, 9, 5), (4, 8, 6), (3, 2, 7))
539: ((4, 9, 6), (1, 2, 5), (3, 8, 7))
540: ((1, 9, 6), (4, 2, 5), (3, 8, 7))
541: ((3, 9, 5), (1, 4, 6), (8, 7, 2))
542: ((3, 9, 5), (1, 4, 6), (7, 8, 2))
543: ((4, 3, 9), (1, 2, 6), (5, 8, 7))
544: ((1, 3, 9), (4, 2, 6), (5, 8, 7))
545: ((4, 5, 6), (1, 9, 3), (2, 8, 7))
546: ((1, 5, 6), (4, 9, 3), (2, 8, 7))
547: ((4, 9, 6), (3, 1, 5), (8, 7, 2))
548: ((4, 9, 6), (3, 1, 5), (7, 8, 2))
549: ((3, 9, 5), (4, 1, 2), (8, 7, 6))
550: ((3, 9, 5), (4, 1, 2), (7, 8, 6))
551: ((1, 5, 3), (4, 2, 6), (7, 8, 9))
552: ((4, 6, 9), (1, 5, 3), (8, 2, 7))
553: ((1, 6, 9), (4, 5, 3), (8, 2, 7))
554: ((4, 6, 9), (1, 2, 3), (8, 5, 7))
555: ((1, 6, 9), (4, 2, 3), (8, 5, 7))
556: ((4, 5, 6), (1, 2, 3), (8, 9, 7))
557: ((1, 5, 6), (4, 2, 3), (8, 9, 7))
558: ((4, 3, 6), (1, 9, 5), (2, 8, 7))
559: ((1, 3, 6), (4, 9, 5), (2, 8, 7))
560: ((3, 9, 5), (1, 4, 7), (8, 2, 6))
561: ((4, 2, 5), (1, 9, 6), (3, 8, 7))
562: ((1, 2, 5), (4, 9, 6), (3, 8, 7))
563: ((4, 3, 6), (1, 5, 9), (2, 8, 7))
564: ((1, 3, 6), (4, 5, 9), (2, 8, 7))
565: ((4, 9, 6), (1, 5, 2), (3, 8, 7))
566: ((1, 9, 6), (4, 5, 2), (3, 8, 7))
567: ((4, 3, 5), (1, 9, 7), (2, 8, 6))
568: ((1, 3, 5), (4, 9, 7), (2, 8, 6))
569: ((4, 3, 5), (1, 8, 6), (2, 9, 7))
570: ((1, 3, 5), (4, 8, 6), (2, 9, 7))
571: ((4, 3, 5), (1, 8, 6), (2, 7, 9))
572: ((1, 3, 5), (4, 8, 6), (2, 7, 9))
573: ((4, 9, 3), (1, 2, 5), (6, 8, 7))
574: ((1, 9, 3), (4, 2, 5), (6, 8, 7))
575: ((4, 5, 3), (1, 9, 7), (2, 8, 6))
576: ((1, 5, 3), (4, 9, 7), (2, 8, 6))
577: ((4, 5, 3), (1, 8, 6), (2, 9, 7))
578: ((1, 5, 3), (4, 8, 6), (2, 9, 7))
579: ((4, 3, 9), (1, 6, 5), (8, 2, 7))
580: ((1, 3, 9), (4, 6, 5), (8, 2, 7))
581: ((3, 9, 6), (1, 4, 5), (8, 2, 7))
582: ((4, 5, 3), (1, 6, 9), (2, 8, 7))
583: ((1, 5, 3), (4, 6, 9), (2, 8, 7))
584: ((2, 9, 5), (1, 4, 6), (8, 3, 7))
585: ((4, 3, 9), (1, 2, 5), (8, 6, 7))
586: ((1, 3, 9), (4, 2, 5), (8, 6, 7))
587: ((4, 9, 6), (2, 1, 5), (8, 3, 7))
588: ((2, 9, 6), (4, 1, 5), (8, 3, 7))
589: ((1, 2, 3), (4, 5, 9), (8, 6, 7))
590: ((4, 9, 6), (1, 2, 3), (5, 8, 7))
591: ((1, 9, 6), (4, 2, 3), (5, 8, 7))
592: ((1, 2, 3), (4, 5, 6), (8, 7, 9))
593: ((1, 3, 6), (4, 2, 5), (7, 8, 9))
594: ((4, 5, 3), (1, 2, 7), (8, 9, 6))
595: ((1, 5, 3), (4, 2, 7), (8, 9, 6))
596: ((4, 2, 3), (1, 5, 7), (8, 9, 6))
597: ((1, 2, 6), (4, 5, 3), (8, 9, 7))
598: ((4, 9, 5), (1, 3, 7), (8, 6, 2))
599: ((1, 9, 5), (4, 3, 7), (8, 6, 2))
600: ((4, 9, 5), (1, 7, 3), (8, 6, 2))
601: ((1, 9, 5), (4, 7, 3), (8, 6, 2))
602: ((4, 9, 5), (1, 3, 7), (6, 8, 2))
603: ((1, 9, 5), (4, 3, 7), (6, 8, 2))
604: ((1, 2, 3), (4, 5, 7), (8, 9, 6))
605: ((4, 5, 9), (8, 2, 3), (1, 6, 7))
606: ((4, 2, 9), (8, 5, 3), (1, 6, 7))
607: ((4, 5, 6), (1, 2, 9), (8, 3, 7))
608: ((1, 5, 6), (4, 2, 9), (8, 3, 7))
609: ((4, 9, 3), (1, 7, 5), (8, 6, 2))
610: ((1, 9, 3), (4, 7, 5), (8, 6, 2))
611: ((4, 9, 3), (2, 5, 6), (1, 8, 7))
612: ((7, 9, 5), (4, 3, 6), (1, 8, 2))
613: ((4, 5, 9), (8, 2, 6), (1, 3, 7))
614: ((4, 2, 9), (8, 5, 6), (1, 3, 7))
615: ((4, 9, 5), (7, 6, 3), (1, 8, 2))
616: ((4, 9, 5), (7, 3, 2), (1, 8, 6))
617: ((4, 3, 5), (1, 2, 7), (8, 6, 9))
618: ((1, 3, 5), (4, 2, 7), (8, 6, 9))
619: ((4, 9, 5), (7, 2, 3), (1, 8, 6))
620: ((4, 2, 5), (1, 6, 3), (8, 9, 7))
621: ((1, 2, 5), (4, 6, 3), (8, 9, 7))
622: ((1, 9, 5), (2, 6, 3), (4, 8, 7))
623: ((4, 9, 6), (1, 5, 2), (8, 7, 3))
624: ((1, 9, 6), (4, 5, 2), (8, 7, 3))
625: ((4, 9, 6), (1, 5, 2), (7, 8, 3))
626: ((1, 9, 6), (4, 5, 2), (7, 8, 3))
627: ((4, 3, 9), (1, 5, 7), (2, 8, 6))
628: ((1, 3, 9), (4, 5, 7), (2, 8, 6))
629: ((4, 9, 6), (1, 3, 2), (8, 5, 7))
630: ((1, 9, 6), (4, 3, 2), (8, 5, 7))
631: ((3, 9, 5), (1, 2, 6), (4, 8, 7))
632: ((1, 2, 5), (4, 3, 6), (7, 8, 9))
633: ((1, 9, 2), (4, 5, 3), (7, 8, 6))
634: ((4, 3, 5), (1, 2, 6), (9, 8, 7))
635: ((1, 3, 5), (4, 2, 6), (9, 8, 7))
636: ((4, 2, 5), (1, 3, 6), (9, 8, 7))
637: ((1, 2, 5), (4, 3, 6), (9, 8, 7))
638: ((4, 9, 5), (2, 6, 3), (8, 1, 7))
639: ((4, 9, 6), (3, 5, 2), (8, 1, 7))
640: ((4, 5, 3), (1, 2, 6), (9, 8, 7))
641: ((1, 5, 3), (4, 2, 6), (9, 8, 7))
642: ((4, 2, 3), (1, 5, 6), (9, 8, 7))
643: ((1, 2, 3), (4, 5, 6), (9, 8, 7))
644: ((1, 9, 6), (4, 2, 3), (7, 8, 5))
645: ((1, 3, 6), (4, 5, 9), (7, 8, 2))
646: ((1, 9, 5), (3, 4, 7), (8, 2, 6))
647: ((4, 9, 3), (8, 2, 5), (1, 7, 6))
648: ((4, 9, 3), (1, 8, 5), (2, 7, 6))
649: ((1, 9, 3), (4, 8, 5), (2, 7, 6))
650: ((4, 5, 1), (3, 9, 6), (8, 2, 7))
651: ((4, 1, 5), (3, 6, 9), (8, 2, 7))
652: ((1, 4, 5), (3, 6, 9), (8, 2, 7))
653: ((4, 1, 5), (3, 2, 9), (8, 6, 7))
654: ((4, 2, 3), (1, 9, 5), (8, 7, 6))
655: ((1, 2, 3), (4, 9, 5), (8, 7, 6))
656: ((4, 9, 3), (1, 5, 2), (8, 7, 6))
657: ((1, 9, 3), (4, 5, 2), (8, 7, 6))
658: ((4, 5, 3), (1, 7, 9), (8, 2, 6))
659: ((1, 5, 3), (4, 7, 9), (8, 2, 6))
660: ((4, 9, 6), (3, 5, 1), (8, 2, 7))
661: ((4, 9, 6), (3, 2, 1), (8, 5, 7))
662: ((1, 9, 5), (8, 2, 3), (4, 7, 6))
663: ((8, 9, 5), (4, 3, 7), (1, 2, 6))
664: ((8, 9, 5), (1, 3, 7), (4, 2, 6))
665: ((4, 5, 9), (3, 1, 7), (8, 2, 6))
666: ((4, 1, 9), (3, 5, 7), (8, 2, 6))
667: ((1, 9, 5), (8, 3, 7), (4, 2, 6))
668: ((1, 9, 6), (3, 5, 4), (8, 2, 7))
669: ((4, 1, 6), (3, 2, 5), (8, 9, 7))
670: ((1, 2, 5), (3, 4, 6), (8, 9, 7))
671: ((4, 5, 3), (1, 6, 9), (8, 7, 2))
672: ((1, 5, 3), (4, 6, 9), (8, 7, 2))
673: ((4, 5, 3), (1, 6, 9), (7, 8, 2))
674: ((1, 5, 3), (4, 6, 9), (7, 8, 2))
675: ((4, 5, 6), (1, 3, 9), (8, 7, 2))
676: ((1, 5, 6), (4, 3, 9), (8, 7, 2))
677: ((4, 5, 6), (1, 3, 9), (7, 8, 2))
678: ((1, 5, 6), (4, 3, 9), (7, 8, 2))
679: ((4, 2, 5), (1, 6, 9), (8, 3, 7))
680: ((1, 2, 5), (4, 6, 9), (8, 3, 7))
681: ((4, 5, 6), (3, 1, 9), (8, 2, 7))
682: ((8, 9, 5), (4, 2, 3), (1, 7, 6))
683: ((4, 5, 6), (1, 3, 2), (8, 7, 9))
684: ((1, 5, 6), (4, 3, 2), (8, 7, 9))
685: ((4, 5, 6), (1, 3, 2), (7, 8, 9))
686: ((4, 5, 6), (1, 2, 3), (8, 7, 9))
687: ((1, 5, 6), (4, 3, 2), (7, 8, 9))
688: ((1, 5, 6), (4, 2, 3), (8, 7, 9))
689: ((4, 1, 5), (3, 9, 7), (8, 2, 6))
690: ((1, 4, 5), (3, 9, 7), (8, 2, 6))
691: ((4, 3, 5), (1, 6, 9), (8, 7, 2))
692: ((1, 3, 5), (4, 6, 9), (8, 7, 2))
693: ((4, 3, 5), (1, 6, 9), (7, 8, 2))
694: ((1, 3, 5), (4, 6, 9), (7, 8, 2))
695: ((4, 5, 3), (1, 7, 6), (8, 2, 9))
696: ((1, 5, 3), (4, 7, 6), (8, 2, 9))
697: ((4, 1, 5), (3, 2, 7), (8, 9, 6))
698: ((4, 3, 5), (1, 6, 2), (8, 7, 9))
699: ((1, 3, 5), (4, 6, 2), (8, 7, 9))
700: ((4, 3, 5), (1, 6, 2), (7, 8, 9))
701: ((1, 3, 5), (4, 6, 2), (7, 8, 9))
702: ((4, 1, 5), (3, 2, 9), (8, 7, 6))
703: ((2, 1, 5), (4, 9, 6), (8, 3, 7))
704: ((4, 5, 1), (3, 2, 6), (8, 9, 7))
705: ((4, 2, 1), (3, 5, 6), (8, 9, 7))
706: ((2, 4, 5), (1, 9, 6), (8, 3, 7))
707: ((1, 4, 5), (2, 9, 6), (8, 3, 7))
708: ((2, 9, 5), (4, 6, 3), (8, 1, 7))
709: ((4, 3, 5), (8, 9, 6), (1, 2, 7))
710: ((4, 5, 3), (8, 9, 6), (1, 2, 7))
711: ((4, 3, 5), (8, 2, 6), (1, 9, 7))
712: ((4, 3, 5), (8, 2, 6), (1, 7, 9))
713: ((4, 2, 5), (8, 3, 6), (1, 9, 7))
714: ((4, 3, 6), (8, 9, 5), (1, 2, 7))
715: ((4, 5, 6), (8, 9, 3), (1, 2, 7))
716: ((4, 5, 3), (8, 2, 6), (1, 9, 7))
717: ((4, 2, 3), (8, 5, 6), (1, 9, 7))
718: ((4, 3, 6), (8, 5, 9), (1, 2, 7))
719: ((4, 9, 5), (2, 3, 7), (1, 8, 6))
720: ((2, 9, 5), (4, 3, 7), (1, 8, 6))
721: ((4, 9, 5), (3, 8, 7), (1, 2, 6))
722: ((4, 9, 5), (3, 2, 7), (1, 8, 6))
723: ((4, 3, 5), (8, 6, 9), (1, 2, 7))
724: ((4, 5, 3), (8, 6, 9), (1, 2, 7))
725: ((4, 3, 5), (8, 2, 9), (1, 6, 7))
726: ((4, 3, 6), (8, 2, 5), (1, 9, 7))
727: ((4, 3, 5), (8, 9, 7), (1, 2, 6))
728: ((4, 5, 3), (8, 9, 7), (1, 2, 6))
729: ((4, 3, 5), (8, 2, 9), (1, 7, 6))
730: ((4, 2, 5), (1, 3, 9), (8, 7, 6))
731: ((1, 2, 5), (4, 3, 9), (8, 7, 6))
732: ((4, 3, 5), (8, 2, 7), (1, 9, 6))
733: ((4, 9, 5), (3, 2, 7), (8, 1, 6))
734: ((4, 9, 5), (1, 8, 7), (2, 3, 6))
735: ((1, 9, 5), (4, 8, 7), (2, 3, 6))
736: ((4, 9, 5), (1, 2, 7), (3, 8, 6))
737: ((1, 9, 5), (4, 2, 7), (3, 8, 6))
738: ((4, 5, 9), (8, 2, 3), (1, 7, 6))
739: ((4, 9, 5), (2, 1, 7), (8, 3, 6))
740: ((2, 9, 5), (4, 1, 7), (8, 3, 6))
741: ((4, 3, 9), (1, 2, 5), (8, 7, 6))
742: ((1, 3, 9), (4, 2, 5), (8, 7, 6))
743: ((4, 6, 3), (1, 5, 9), (8, 2, 7))
744: ((1, 6, 3), (4, 5, 9), (8, 2, 7))
745: ((1, 3, 9), (5, 4, 6), (8, 2, 7))
746: ((1, 9, 6), (5, 4, 3), (8, 2, 7))
747: ((3, 1, 5), (4, 2, 6), (8, 9, 7))
748: ((4, 3, 9), (5, 1, 6), (8, 2, 7))
749: ((4, 5, 3), (1, 2, 9), (8, 7, 6))
750: ((1, 5, 3), (4, 2, 9), (8, 7, 6))
751: ((5, 3, 9), (4, 1, 6), (8, 2, 7))
752: ((5, 1, 9), (4, 3, 6), (8, 2, 7))
753: ((5, 1, 9), (4, 6, 3), (8, 2, 7))
754: ((4, 5, 9), (8, 3, 7), (1, 2, 6))
755: ((4, 3, 9), (8, 5, 7), (1, 2, 6))
756: ((4, 1, 9), (5, 3, 6), (8, 2, 7))
757: ((4, 5, 6), (8, 3, 9), (1, 2, 7))
758: ((5, 4, 9), (1, 3, 6), (8, 2, 7))
759: ((1, 4, 9), (5, 3, 6), (8, 2, 7))
760: ((5, 4, 9), (1, 6, 3), (8, 2, 7))
761: ((1, 4, 9), (5, 6, 3), (8, 2, 7))
762: ((5, 3, 9), (1, 4, 6), (8, 2, 7))
763: ((5, 4, 9), (1, 2, 6), (8, 3, 7))
764: ((1, 4, 9), (5, 2, 6), (8, 3, 7))
765: ((5, 2, 9), (1, 4, 6), (8, 3, 7))
766: ((5, 4, 9), (1, 3, 6), (2, 8, 7))
767: ((1, 4, 9), (5, 3, 6), (2, 8, 7))
768: ((5, 4, 9), (1, 2, 3), (8, 6, 7))
769: ((5, 4, 9), (1, 6, 3), (2, 8, 7))
770: ((2, 9, 3), (4, 6, 5), (1, 8, 7))
771: ((5, 4, 6), (1, 3, 9), (8, 2, 7))
772: ((1, 4, 6), (5, 3, 9), (8, 2, 7))
773: ((5, 4, 9), (1, 3, 7), (8, 2, 6))
774: ((1, 4, 9), (5, 3, 7), (8, 2, 6))
775: ((1, 2, 9), (5, 4, 6), (8, 3, 7))
776: ((1, 4, 9), (5, 2, 3), (8, 6, 7))
777: ((5, 2, 9), (1, 4, 3), (8, 6, 7))
778: ((5, 4, 9), (1, 2, 3), (8, 7, 6))
779: ((1, 4, 9), (5, 6, 3), (2, 8, 7))
780: ((5, 4, 3), (1, 6, 9), (8, 2, 7))
781: ((2, 9, 5), (4, 6, 3), (1, 7, 8))
782: ((1, 4, 3), (5, 6, 9), (8, 2, 7))
783: ((4, 9, 6), (5, 1, 3), (8, 2, 7))
784: ((4, 9, 3), (5, 1, 6), (8, 2, 7))
785: ((5, 9, 6), (4, 1, 3), (8, 2, 7))
786: ((4, 9, 5), (7, 3, 6), (8, 1, 2))
787: ((4, 2, 9), (1, 5, 3), (7, 8, 6))
788: ((1, 3, 5), (8, 9, 6), (4, 2, 7))
789: ((1, 5, 3), (8, 9, 6), (4, 2, 7))
790: ((1, 3, 5), (8, 2, 6), (4, 9, 7))
791: ((4, 9, 5), (1, 6, 7), (8, 2, 3))
792: ((1, 9, 5), (4, 6, 7), (8, 2, 3))
793: ((4, 9, 5), (1, 6, 7), (2, 8, 3))
794: ((1, 9, 5), (4, 6, 7), (2, 8, 3))
795: ((1, 9, 6), (8, 2, 3), (4, 5, 7))
796: ((4, 2, 5), (8, 9, 6), (1, 7, 3))
797: ((4, 2, 5), (8, 9, 3), (1, 7, 6))
798: ((4, 1, 6), (3, 2, 9), (8, 5, 7))
799: ((4, 5, 9), (1, 6, 2), (8, 3, 7))
800: ((1, 5, 9), (4, 6, 2), (8, 3, 7))
801: ((3, 9, 5), (8, 1, 6), (4, 2, 7))
802: ((4, 9, 3), (1, 8, 6), (2, 5, 7))
803: ((1, 9, 3), (4, 8, 6), (2, 5, 7))
804: ((8, 9, 6), (4, 2, 3), (1, 5, 7))
805: ((8, 9, 5), (3, 4, 6), (1, 2, 7))
806: ((8, 9, 5), (4, 2, 6), (1, 7, 3))
807: ((3, 1, 9), (4, 2, 6), (8, 5, 7))
808: ((4, 9, 5), (8, 1, 3), (7, 2, 6))
809: ((4, 2, 6), (1, 9, 5), (8, 7, 3))
810: ((1, 2, 6), (4, 9, 5), (8, 7, 3))
811: ((4, 2, 6), (1, 9, 5), (7, 8, 3))
812: ((1, 2, 6), (4, 9, 5), (7, 8, 3))
813: ((1, 9, 5), (8, 2, 6), (4, 7, 3))
814: ((4, 9, 6), (8, 2, 5), (1, 7, 3))
815: ((4, 9, 3), (8, 2, 6), (1, 5, 7))
816: ((4, 5, 9), (1, 6, 2), (8, 7, 3))
817: ((1, 5, 9), (4, 6, 2), (8, 7, 3))
818: ((4, 5, 9), (1, 6, 2), (7, 8, 3))
819: ((1, 5, 9), (4, 6, 2), (7, 8, 3))
820: ((4, 9, 5), (2, 8, 6), (1, 7, 3))
821: ((4, 9, 5), (2, 8, 3), (1, 7, 6))
822: ((2, 9, 5), (4, 8, 6), (1, 7, 3))
823: ((4, 9, 3), (1, 7, 6), (8, 2, 5))
824: ((1, 9, 3), (4, 7, 6), (8, 2, 5))
825: ((4, 2, 5), (3, 1, 6), (8, 9, 7))
826: ((4, 5, 9), (3, 1, 6), (2, 7, 8))
827: ((4, 1, 9), (3, 5, 6), (2, 7, 8))
828: ((1, 4, 9), (3, 2, 6), (8, 5, 7))
829: ((4, 9, 5), (7, 8, 3), (1, 2, 6))
830: ((4, 1, 5), (3, 9, 6), (2, 7, 8))
831: ((5, 9, 3), (4, 1, 6), (8, 2, 7))
832: ((1, 9, 5), (3, 4, 6), (2, 7, 8))
833: ((5, 4, 9), (1, 7, 3), (8, 2, 6))
834: ((1, 4, 9), (5, 7, 3), (8, 2, 6))
835: ((5, 4, 9), (1, 2, 3), (7, 8, 6))
836: ((5, 4, 9), (1, 3, 6), (2, 7, 8))
837: ((1, 4, 9), (5, 3, 6), (2, 7, 8))
838: ((5, 4, 9), (1, 2, 6), (8, 7, 3))
839: ((5, 4, 9), (1, 2, 6), (7, 8, 3))
840: ((1, 4, 9), (5, 2, 6), (8, 7, 3))
841: ((5, 2, 9), (1, 4, 6), (8, 7, 3))
842: ((1, 4, 9), (5, 2, 6), (7, 8, 3))
843: ((5, 2, 9), (1, 4, 6), (7, 8, 3))
844: ((4, 9, 6), (3, 1, 5), (2, 7, 8))
845: ((4, 9, 5), (8, 6, 2), (1, 3, 7))
846: ((4, 5, 9), (8, 7, 3), (1, 2, 6))
847: ((4, 3, 9), (8, 2, 7), (1, 5, 6))
848: ((4, 9, 5), (8, 6, 2), (1, 7, 3))
849: ((4, 3, 6), (8, 2, 9), (1, 5, 7))
850: ((4, 9, 5), (2, 7, 3), (1, 8, 6))
851: ((2, 9, 5), (4, 7, 3), (1, 8, 6))
852: ((4, 2, 5), (1, 3, 9), (7, 8, 6))
853: ((4, 6, 3), (1, 2, 9), (8, 5, 7))
854: ((1, 6, 3), (4, 2, 9), (8, 5, 7))
855: ((1, 9, 3), (5, 4, 6), (8, 2, 7))
856: ((4, 5, 3), (1, 2, 9), (7, 8, 6))
857: ((4, 3, 9), (1, 2, 5), (7, 8, 6))
858: ((4, 1, 5), (3, 2, 9), (7, 8, 6))
859: ((2, 4, 5), (1, 9, 6), (8, 7, 3))
860: ((2, 4, 5), (1, 9, 6), (7, 8, 3))
861: ((2, 4, 5), (1, 9, 3), (8, 7, 6))
862: ((8, 3, 5), (4, 9, 6), (1, 2, 7))
863: ((8, 5, 3), (4, 9, 6), (1, 2, 7))
864: ((8, 3, 5), (1, 9, 6), (4, 2, 7))
865: ((8, 3, 5), (4, 2, 6), (1, 9, 7))
866: ((2, 4, 5), (1, 9, 3), (7, 8, 6))
867: ((8, 9, 5), (4, 3, 6), (1, 7, 2))
868: ((8, 9, 5), (1, 3, 6), (4, 7, 2))
869: ((8, 9, 5), (4, 6, 3), (1, 7, 2))
870: ((8, 9, 5), (4, 3, 2), (1, 7, 6))
871: ((4, 9, 5), (1, 7, 3), (2, 6, 8))
872: ((1, 9, 5), (4, 7, 3), (2, 6, 8))
873: ((4, 5, 6), (1, 2, 3), (7, 8, 9))
874: ((4, 2, 5), (1, 6, 9), (8, 7, 3))
875: ((1, 2, 5), (4, 6, 9), (8, 7, 3))
876: ((4, 2, 5), (1, 6, 9), (7, 8, 3))
877: ((4, 2, 5), (1, 6, 3), (8, 7, 9))
878: ((1, 2, 5), (4, 6, 9), (7, 8, 3))
879: ((1, 2, 5), (4, 6, 3), (8, 7, 9))
880: ((4, 2, 5), (1, 6, 3), (7, 8, 9))
881: ((4, 9, 5), (3, 2, 6), (1, 7, 8))
882: ((1, 9, 5), (2, 3, 6), (4, 7, 8))
883: ((4, 1, 9), (3, 2, 7), (8, 5, 6))
884: ((1, 9, 6), (3, 2, 4), (8, 5, 7))
885: ((1, 9, 5), (8, 7, 3), (4, 2, 6))
886: ((8, 9, 5), (4, 7, 3), (1, 2, 6))
887: ((1, 9, 5), (8, 3, 6), (4, 7, 2))
888: ((1, 9, 5), (8, 6, 3), (4, 7, 2))
889: ((1, 9, 5), (8, 3, 2), (4, 7, 6))
890: ((1, 9, 5), (8, 3, 6), (7, 4, 2))
891: ((2, 9, 5), (4, 1, 3), (7, 8, 6))
892: ((1, 9, 5), (3, 4, 6), (8, 7, 2))
893: ((1, 9, 5), (3, 4, 6), (7, 8, 2))
894: ((1, 9, 5), (3, 4, 2), (8, 7, 6))
895: ((1, 9, 5), (3, 4, 2), (7, 8, 6))
896: ((4, 9, 5), (3, 6, 2), (8, 1, 7))
897: ((4, 9, 5), (3, 6, 2), (1, 8, 7))
898: ((4, 2, 3), (1, 9, 5), (7, 8, 6))
899: ((4, 9, 3), (1, 5, 2), (7, 8, 6))
900: ((4, 9, 5), (1, 7, 6), (8, 3, 2))
901: ((1, 9, 5), (4, 7, 6), (8, 3, 2))
902: ((4, 9, 5), (1, 7, 2), (8, 3, 6))
903: ((1, 9, 5), (4, 7, 2), (8, 3, 6))
904: ((4, 9, 6), (1, 7, 5), (8, 3, 2))
905: ((1, 9, 6), (4, 7, 5), (8, 3, 2))
906: ((4, 9, 5), (7, 1, 6), (8, 3, 2))
907: ((1, 9, 5), (7, 4, 6), (8, 3, 2))
908: ((7, 9, 5), (4, 1, 6), (8, 3, 2))
909: ((4, 9, 5), (7, 1, 2), (8, 3, 6))
910: ((4, 9, 5), (8, 1, 6), (7, 3, 2))
911: ((4, 3, 5), (1, 2, 6), (9, 7, 8))
912: ((1, 3, 5), (4, 2, 6), (9, 7, 8))
913: ((4, 9, 6), (1, 3, 2), (8, 7, 5))
914: ((1, 9, 6), (4, 3, 2), (8, 7, 5))
915: ((4, 9, 6), (1, 3, 2), (7, 8, 5))
916: ((1, 9, 6), (4, 3, 2), (7, 8, 5))
917: ((4, 9, 2), (1, 3, 6), (8, 7, 5))
918: ((1, 9, 2), (4, 3, 6), (8, 7, 5))
919: ((4, 9, 2), (1, 3, 6), (7, 8, 5))
920: ((1, 9, 2), (4, 3, 6), (7, 8, 5))
921: ((4, 5, 9), (8, 2, 6), (1, 7, 3))
922: ((4, 2, 9), (8, 5, 6), (1, 7, 3))
923: ((4, 5, 6), (1, 2, 9), (8, 7, 3))
924: ((1, 5, 6), (4, 2, 9), (8, 7, 3))
925: ((4, 5, 6), (1, 2, 9), (7, 8, 3))
926: ((4, 2, 6), (1, 5, 9), (8, 7, 3))
927: ((1, 5, 6), (4, 2, 9), (7, 8, 3))
928: ((1, 2, 6), (4, 5, 9), (8, 7, 3))
929: ((4, 2, 6), (1, 5, 9), (7, 8, 3))
930: ((4, 9, 5), (1, 7, 3), (6, 8, 2))
931: ((1, 9, 5), (4, 7, 3), (6, 8, 2))
932: ((4, 9, 5), (1, 2, 6), (7, 3, 8))
933: ((1, 9, 5), (4, 2, 6), (7, 3, 8))
934: ((4, 9, 5), (1, 6, 2), (3, 8, 7))
935: ((1, 9, 5), (4, 6, 2), (3, 8, 7))
936: ((4, 9, 3), (1, 2, 6), (5, 8, 7))
937: ((1, 9, 3), (4, 2, 6), (5, 8, 7))
938: ((4, 9, 5), (1, 6, 2), (3, 7, 8))
939: ((1, 9, 5), (4, 6, 2), (3, 7, 8))
940: ((1, 9, 5), (2, 4, 6), (8, 7, 3))
941: ((1, 9, 5), (2, 4, 6), (7, 8, 3))
942: ((1, 9, 5), (2, 4, 3), (8, 7, 6))
943: ((1, 9, 5), (2, 4, 3), (7, 8, 6))
944: ((4, 9, 6), (2, 1, 5), (8, 7, 3))
945: ((4, 9, 6), (2, 1, 5), (7, 8, 3))
946: ((2, 9, 6), (4, 1, 5), (8, 7, 3))
947: ((2, 9, 6), (4, 1, 5), (7, 8, 3))
948: ((4, 2, 5), (1, 9, 6), (3, 7, 8))
949: ((1, 2, 5), (4, 9, 6), (3, 7, 8))
950: ((4, 3, 6), (1, 9, 5), (2, 7, 8))
951: ((1, 3, 6), (4, 9, 5), (2, 7, 8))
952: ((4, 2, 3), (1, 5, 6), (7, 8, 9))
953: ((4, 6, 3), (1, 9, 5), (8, 2, 7))
954: ((1, 6, 3), (4, 9, 5), (8, 2, 7))
955: ((4, 6, 3), (1, 2, 5), (8, 9, 7))
956: ((1, 6, 3), (4, 2, 5), (8, 9, 7))
957: ((4, 9, 6), (1, 2, 5), (3, 7, 8))
958: ((1, 9, 6), (4, 2, 5), (3, 7, 8))
959: ((4, 9, 5), (1, 2, 3), (6, 7, 8))
960: ((1, 9, 5), (4, 2, 3), (6, 7, 8))
961: ((4, 9, 5), (1, 2, 3), (7, 6, 8))
962: ((1, 9, 5), (4, 2, 3), (7, 6, 8))
963: ((4, 3, 5), (1, 6, 9), (2, 7, 8))
964: ((1, 3, 5), (4, 6, 9), (2, 7, 8))
965: ((1, 5, 9), (3, 4, 6), (8, 2, 7))
966: ((1, 5, 9), (8, 3, 6), (4, 2, 7))
967: ((1, 3, 9), (8, 5, 6), (4, 2, 7))
968: ((1, 5, 9), (8, 6, 3), (4, 2, 7))
969: ((1, 3, 9), (8, 2, 6), (4, 5, 7))
970: ((4, 9, 6), (2, 3, 5), (1, 7, 8))
971: ((4, 9, 6), (2, 5, 3), (1, 7, 8))
972: ((2, 9, 6), (4, 3, 5), (1, 7, 8))
973: ((8, 5, 9), (4, 3, 6), (1, 2, 7))
974: ((8, 3, 9), (4, 5, 6), (1, 2, 7))
975: ((8, 5, 9), (1, 3, 6), (4, 2, 7))
976: ((8, 5, 9), (4, 6, 3), (1, 2, 7))
977: ((4, 5, 2), (1, 9, 6), (8, 7, 3))
978: ((1, 5, 2), (4, 9, 6), (8, 7, 3))
979: ((4, 5, 2), (1, 9, 6), (7, 8, 3))
980: ((4, 5, 2), (1, 9, 3), (8, 7, 6))
981: ((1, 5, 2), (4, 9, 6), (7, 8, 3))
982: ((1, 5, 2), (4, 9, 3), (8, 7, 6))
983: ((8, 3, 9), (4, 2, 6), (1, 5, 7))
984: ((4, 5, 2), (1, 9, 3), (7, 8, 6))
985: ((4, 9, 6), (1, 8, 5), (2, 7, 3))
986: ((1, 9, 6), (4, 8, 5), (2, 7, 3))
987: ((4, 5, 6), (1, 3, 9), (2, 7, 8))
988: ((1, 5, 6), (4, 3, 9), (2, 7, 8))
989: ((4, 5, 9), (1, 7, 3), (2, 8, 6))
990: ((1, 5, 9), (4, 7, 3), (2, 8, 6))
991: ((4, 3, 5), (1, 6, 2), (8, 9, 7))
992: ((1, 3, 5), (4, 6, 2), (8, 9, 7))
993: ((4, 5, 3), (1, 6, 2), (8, 9, 7))
994: ((1, 5, 3), (4, 6, 2), (8, 9, 7))
995: ((4, 2, 5), (3, 9, 6), (1, 8, 7))
996: ((4, 9, 2), (1, 6, 5), (8, 7, 3))
997: ((1, 9, 2), (4, 6, 5), (8, 7, 3))
998: ((4, 9, 2), (1, 6, 5), (7, 8, 3))
999: ((4, 9, 2), (1, 5, 6), (8, 7, 3))
1000: ((1, 9, 2), (4, 6, 5), (7, 8, 3))
1001: ((1, 9, 2), (4, 5, 6), (8, 7, 3))
1002: ((4, 9, 2), (1, 5, 6), (7, 8, 3))
1003: ((4, 9, 3), (1, 2, 6), (8, 7, 5))
1004: ((1, 9, 3), (4, 2, 6), (8, 7, 5))
1005: ((3, 9, 5), (4, 1, 6), (2, 7, 8))
1006: ((4, 9, 3), (1, 2, 6), (7, 8, 5))
1007: ((4, 9, 2), (1, 5, 3), (8, 6, 7))
1008: ((1, 9, 2), (4, 5, 3), (8, 6, 7))
1009: ((4, 6, 5), (1, 9, 3), (8, 2, 7))
1010: ((1, 6, 5), (4, 9, 3), (8, 2, 7))
1011: ((4, 3, 2), (1, 6, 5), (8, 9, 7))
1012: ((1, 3, 2), (4, 6, 5), (8, 9, 7))
1013: ((4, 2, 3), (1, 6, 5), (8, 9, 7))
1014: ((4, 3, 2), (1, 5, 6), (8, 9, 7))
1015: ((1, 2, 3), (4, 6, 5), (8, 9, 7))
1016: ((1, 3, 2), (4, 5, 6), (8, 9, 7))
1017: ((4, 5, 2), (1, 6, 3), (8, 9, 7))
1018: ((1, 5, 2), (4, 6, 3), (8, 9, 7))
1019: ((4, 6, 3), (1, 2, 5), (8, 7, 9))
1020: ((1, 6, 3), (4, 2, 5), (8, 7, 9))
1021: ((4, 6, 3), (1, 2, 5), (7, 8, 9))
1022: ((4, 9, 2), (1, 6, 5), (3, 8, 7))
1023: ((1, 9, 2), (4, 6, 5), (3, 8, 7))
1024: ((4, 9, 2), (1, 5, 6), (3, 8, 7))
1025: ((1, 9, 2), (4, 5, 6), (3, 8, 7))
1026: ((4, 9, 2), (1, 7, 5), (8, 3, 6))
1027: ((1, 9, 2), (4, 7, 5), (8, 3, 6))
1028: ((3, 9, 5), (4, 6, 2), (8, 1, 7))
1029: ((4, 9, 2), (3, 6, 5), (8, 1, 7))
1030: ((4, 9, 2), (3, 5, 6), (8, 1, 7))
1031: ((4, 5, 2), (8, 9, 6), (1, 3, 7))
1032: ((3, 4, 5), (1, 9, 6), (8, 2, 7))
1033: ((3, 4, 5), (1, 2, 6), (8, 9, 7))
1034: ((3, 2, 5), (1, 4, 6), (8, 9, 7))
1035: ((3, 4, 5), (1, 2, 6), (8, 7, 9))
1036: ((3, 4, 5), (1, 2, 6), (7, 8, 9))
1037: ((3, 4, 6), (1, 9, 5), (8, 2, 7))
1038: ((3, 4, 5), (1, 9, 6), (2, 8, 7))
1039: ((3, 4, 6), (1, 5, 9), (8, 2, 7))
1040: ((3, 4, 5), (1, 6, 9), (8, 2, 7))
1041: ((3, 4, 5), (1, 2, 9), (8, 6, 7))
1042: ((3, 4, 5), (1, 9, 7), (8, 2, 6))
1043: ((3, 2, 5), (1, 4, 6), (8, 7, 9))
1044: ((3, 4, 6), (1, 2, 5), (8, 9, 7))
1045: ((3, 2, 5), (1, 4, 9), (8, 6, 7))
1046: ((3, 4, 5), (1, 2, 9), (8, 7, 6))
1047: ((3, 4, 5), (1, 2, 7), (8, 9, 6))
1048: ((3, 2, 6), (1, 4, 5), (8, 9, 7))
1049: ((3, 2, 5), (1, 4, 7), (8, 9, 6))
1050: ((3, 4, 5), (1, 9, 6), (2, 7, 8))
1051: ((3, 4, 6), (1, 2, 9), (8, 5, 7))
1052: ((3, 2, 5), (1, 4, 6), (7, 8, 9))
1053: ((3, 4, 5), (1, 2, 9), (7, 8, 6))
1054: ((3, 5, 9), (4, 1, 6), (2, 8, 7))
1055: ((3, 1, 9), (4, 5, 6), (2, 8, 7))
1056: ((4, 2, 5), (3, 1, 6), (8, 7, 9))
1057: ((4, 2, 5), (3, 1, 6), (7, 8, 9))
1058: ((3, 9, 5), (4, 1, 7), (2, 8, 6))
1059: ((3, 9, 6), (4, 1, 5), (2, 8, 7))
1060: ((4, 2, 5), (1, 9, 3), (6, 8, 7))
1061: ((1, 2, 5), (4, 9, 3), (6, 8, 7))
1062: ((1, 3, 5), (8, 2, 6), (4, 7, 9))
1063: ((3, 1, 6), (4, 9, 5), (8, 2, 7))
1064: ((1, 4, 5), (3, 2, 6), (8, 7, 9))
1065: ((1, 4, 5), (3, 2, 6), (7, 8, 9))
1066: ((5, 3, 6), (1, 4, 9), (8, 2, 7))
1067: ((1, 3, 6), (5, 4, 9), (8, 2, 7))
1068: ((5, 3, 9), (1, 4, 6), (2, 8, 7))
1069: ((1, 3, 9), (5, 4, 6), (2, 8, 7))
1070: ((5, 3, 9), (1, 4, 7), (8, 2, 6))
1071: ((1, 3, 9), (5, 4, 7), (8, 2, 6))
1072: ((3, 9, 5), (4, 2, 7), (8, 1, 6))
1073: ((3, 9, 5), (4, 8, 7), (1, 2, 6))
1074: ((3, 9, 5), (4, 2, 7), (1, 8, 6))
1075: ((4, 2, 5), (8, 3, 6), (1, 7, 9))
1076: ((4, 5, 1), (3, 2, 6), (8, 7, 9))
1077: ((4, 5, 1), (3, 2, 6), (7, 8, 9))
1078: ((4, 5, 9), (1, 2, 3), (6, 8, 7))
1079: ((1, 5, 9), (4, 2, 3), (6, 8, 7))
1080: ((4, 2, 9), (1, 5, 3), (6, 8, 7))
1081: ((1, 2, 9), (4, 5, 3), (6, 8, 7))
1082: ((3, 1, 5), (4, 9, 7), (8, 2, 6))
1083: ((4, 5, 6), (1, 3, 7), (8, 2, 9))
1084: ((1, 5, 6), (4, 3, 7), (8, 2, 9))
1085: ((4, 3, 6), (1, 5, 7), (8, 2, 9))
1086: ((1, 3, 6), (4, 5, 7), (8, 2, 9))
1087: ((4, 5, 6), (1, 7, 3), (8, 2, 9))
1088: ((1, 5, 6), (4, 7, 3), (8, 2, 9))
1089: ((4, 3, 6), (1, 2, 7), (8, 5, 9))
1090: ((1, 3, 6), (4, 2, 7), (8, 5, 9))
1091: ((3, 5, 9), (4, 1, 7), (8, 2, 6))
1092: ((3, 1, 9), (4, 5, 7), (8, 2, 6))
1093: ((3, 5, 1), (4, 9, 6), (8, 2, 7))
1094: ((4, 2, 6), (1, 3, 5), (8, 7, 9))
1095: ((1, 2, 6), (4, 3, 5), (8, 7, 9))
1096: ((4, 2, 6), (1, 3, 5), (7, 8, 9))
1097: ((4, 3, 5), (1, 6, 7), (8, 2, 9))
1098: ((1, 3, 5), (4, 6, 7), (8, 2, 9))
1099: ((4, 5, 3), (1, 6, 7), (8, 2, 9))
1100: ((1, 5, 3), (4, 6, 7), (8, 2, 9))
1101: ((4, 1, 5), (3, 9, 6), (8, 7, 2))
1102: ((4, 1, 5), (3, 9, 6), (7, 8, 2))
1103: ((1, 4, 5), (3, 9, 6), (8, 7, 2))
1104: ((1, 4, 5), (3, 9, 6), (7, 8, 2))
1105: ((4, 1, 5), (3, 9, 2), (8, 7, 6))
1106: ((4, 1, 5), (3, 9, 2), (7, 8, 6))
1107: ((4, 9, 5), (1, 3, 2), (6, 8, 7))
1108: ((1, 9, 5), (4, 3, 2), (6, 8, 7))
1109: ((4, 5, 2), (1, 9, 6), (3, 8, 7))
1110: ((1, 5, 2), (4, 9, 6), (3, 8, 7))
1111: ((4, 9, 2), (1, 3, 5), (8, 6, 7))
1112: ((1, 9, 2), (4, 3, 5), (8, 6, 7))
1113: ((4, 5, 3), (1, 8, 6), (2, 7, 9))
1114: ((1, 5, 3), (4, 8, 6), (2, 7, 9))
1115: ((4, 9, 2), (3, 1, 5), (8, 7, 6))
1116: ((4, 9, 2), (3, 1, 5), (7, 8, 6))
1117: ((3, 1, 5), (4, 6, 9), (8, 2, 7))
1118: ((4, 1, 5), (2, 9, 6), (8, 3, 7))
1119: ((4, 1, 5), (2, 9, 6), (8, 7, 3))
1120: ((4, 1, 5), (2, 9, 6), (7, 8, 3))
1121: ((4, 1, 5), (2, 9, 3), (8, 7, 6))
1122: ((2, 1, 5), (4, 9, 6), (8, 7, 3))
1123: ((4, 1, 5), (2, 9, 3), (7, 8, 6))
1124: ((2, 1, 5), (4, 9, 6), (7, 8, 3))
1125: ((3, 9, 6), (4, 5, 1), (8, 2, 7))
1126: ((3, 9, 6), (4, 2, 1), (8, 5, 7))
1127: ((3, 1, 5), (4, 9, 6), (8, 7, 2))
1128: ((3, 1, 5), (4, 9, 6), (7, 8, 2))
1129: ((4, 1, 6), (3, 2, 5), (8, 7, 9))
1130: ((4, 1, 6), (3, 2, 5), (7, 8, 9))
1131: ((3, 5, 6), (4, 1, 9), (8, 2, 7))
1132: ((3, 1, 6), (4, 5, 9), (8, 2, 7))
1133: ((4, 5, 2), (1, 6, 9), (8, 3, 7))
1134: ((1, 5, 2), (4, 6, 9), (8, 3, 7))
1135: ((4, 2, 6), (1, 5, 3), (8, 7, 9))
1136: ((4, 3, 5), (1, 7, 6), (8, 9, 2))
1137: ((1, 3, 5), (4, 7, 6), (8, 9, 2))
1138: ((4, 5, 3), (1, 7, 6), (8, 9, 2))
1139: ((1, 5, 3), (4, 7, 6), (8, 9, 2))
1140: ((4, 3, 5), (1, 7, 2), (8, 9, 6))
1141: ((1, 3, 5), (4, 7, 2), (8, 9, 6))
1142: ((4, 3, 5), (1, 7, 6), (8, 2, 9))
1143: ((1, 3, 5), (4, 7, 6), (8, 2, 9))
1144: ((4, 5, 2), (1, 9, 7), (8, 3, 6))
1145: ((1, 5, 2), (4, 9, 7), (8, 3, 6))
1146: ((4, 3, 6), (1, 5, 2), (8, 7, 9))
1147: ((1, 3, 6), (4, 5, 2), (8, 7, 9))
1148: ((4, 3, 6), (1, 5, 2), (7, 8, 9))
1149: ((4, 3, 2), (1, 9, 5), (8, 7, 6))
1150: ((1, 3, 2), (4, 9, 5), (8, 7, 6))
1151: ((4, 3, 2), (1, 9, 5), (7, 8, 6))
1152: ((1, 3, 2), (4, 9, 5), (7, 8, 6))
1153: ((4, 5, 3), (8, 2, 6), (1, 7, 9))
1154: ((4, 9, 2), (8, 3, 5), (1, 7, 6))
1155: ((4, 9, 2), (8, 5, 3), (1, 7, 6))
1156: ((4, 3, 6), (8, 2, 5), (1, 7, 9))
1157: ((3, 1, 5), (4, 9, 6), (2, 8, 7))
1158: ((4, 2, 3), (8, 5, 6), (1, 7, 9))
1159: ((4, 5, 2), (1, 9, 3), (8, 6, 7))
1160: ((1, 5, 2), (4, 9, 3), (8, 6, 7))
1161: ((4, 2, 1), (3, 5, 6), (8, 7, 9))
1162: ((4, 9, 2), (8, 6, 5), (1, 3, 7))
1163: ((4, 9, 2), (8, 5, 6), (1, 3, 7))
1164: ((4, 9, 5), (1, 2, 7), (6, 8, 3))
1165: ((1, 9, 5), (4, 2, 7), (6, 8, 3))
1166: ((4, 3, 5), (1, 2, 9), (6, 8, 7))
1167: ((1, 3, 5), (4, 2, 9), (6, 8, 7))
1168: ((3, 9, 6), (4, 1, 5), (8, 7, 2))
1169: ((3, 9, 6), (4, 1, 5), (7, 8, 2))
1170: ((8, 3, 5), (4, 2, 6), (1, 7, 9))
1171: ((3, 4, 6), (1, 2, 5), (8, 7, 9))
1172: ((3, 4, 6), (1, 2, 5), (7, 8, 9))
1173: ((4, 3, 5), (1, 2, 6), (7, 9, 8))
1174: ((1, 3, 5), (4, 2, 6), (7, 9, 8))
1175: ((4, 2, 9), (8, 5, 3), (1, 7, 6))
1176: ((4, 2, 3), (1, 5, 9), (8, 7, 6))
1177: ((4, 3, 2), (1, 6, 5), (8, 7, 9))
1178: ((1, 3, 2), (4, 6, 5), (8, 7, 9))
1179: ((4, 3, 2), (1, 6, 5), (7, 8, 9))
1180: ((4, 5, 3), (1, 6, 2), (8, 7, 9))
1181: ((1, 5, 3), (4, 6, 2), (8, 7, 9))
1182: ((4, 5, 3), (1, 6, 2), (7, 8, 9))
1183: ((3, 1, 5), (4, 2, 6), (8, 7, 9))
1184: ((3, 1, 5), (4, 2, 6), (7, 8, 9))
1185: ((3, 2, 5), (4, 9, 6), (8, 1, 7))
1186: ((4, 5, 2), (3, 9, 6), (8, 1, 7))
1187: ((4, 3, 5), (1, 7, 9), (8, 2, 6))
1188: ((1, 3, 5), (4, 7, 9), (8, 2, 6))
1189: ((4, 5, 2), (1, 3, 6), (8, 9, 7))
1190: ((1, 5, 2), (4, 3, 6), (8, 9, 7))
1191: ((3, 9, 6), (4, 8, 5), (1, 2, 7))
1192: ((3, 9, 6), (4, 2, 5), (1, 8, 7))
1193: ((3, 9, 6), (4, 2, 5), (8, 1, 7))
1194: ((4, 5, 2), (1, 3, 6), (8, 7, 9))
1195: ((1, 5, 2), (4, 3, 6), (8, 7, 9))
1196: ((4, 5, 2), (1, 3, 6), (7, 8, 9))
1197: ((4, 9, 6), (1, 8, 5), (7, 2, 3))
1198: ((1, 9, 6), (4, 8, 5), (7, 2, 3))
1199: ((1, 9, 5), (3, 6, 4), (8, 2, 7))
1200: ((1, 9, 5), (3, 2, 4), (8, 6, 7))
1201: ((1, 9, 5), (3, 2, 4), (8, 7, 6))
1202: ((1, 9, 5), (3, 2, 4), (7, 8, 6))
1203: ((4, 2, 6), (1, 3, 9), (8, 5, 7))
1204: ((1, 2, 6), (4, 3, 9), (8, 5, 7))
1205: ((2, 9, 6), (4, 5, 3), (1, 7, 8))
1206: ((1, 5, 9), (3, 2, 6), (8, 4, 7))
1207: ((1, 2, 9), (3, 5, 6), (8, 4, 7))
1208: ((1, 5, 9), (3, 2, 6), (4, 8, 7))
1209: ((1, 2, 9), (3, 5, 6), (4, 8, 7))
1210: ((4, 9, 3), (1, 6, 5), (7, 2, 8))
1211: ((1, 9, 3), (4, 6, 5), (7, 2, 8))
1212: ((3, 9, 5), (2, 1, 6), (4, 8, 7))
1213: ((1, 9, 6), (2, 4, 5), (8, 3, 7))
1214: ((4, 3, 6), (1, 9, 5), (7, 2, 8))
1215: ((1, 3, 6), (4, 9, 5), (7, 2, 8))
1216: ((4, 9, 5), (1, 8, 2), (3, 6, 7))
1217: ((1, 9, 5), (4, 8, 2), (3, 6, 7))
1218: ((4, 9, 5), (1, 8, 2), (3, 7, 6))
1219: ((1, 9, 5), (4, 8, 2), (3, 7, 6))
1220: ((4, 9, 6), (1, 3, 7), (8, 2, 5))
1221: ((1, 9, 6), (4, 3, 7), (8, 2, 5))
1222: ((4, 9, 6), (1, 7, 3), (8, 2, 5))
1223: ((1, 9, 6), (4, 7, 3), (8, 2, 5))
1224: ((4, 9, 6), (1, 2, 7), (8, 3, 5))
1225: ((1, 9, 6), (4, 2, 7), (8, 3, 5))
1226: ((4, 9, 6), (1, 3, 7), (2, 8, 5))
1227: ((1, 9, 6), (4, 3, 7), (2, 8, 5))
1228: ((4, 9, 6), (1, 2, 7), (8, 5, 3))
1229: ((1, 9, 6), (4, 2, 7), (8, 5, 3))
1230: ((4, 9, 6), (1, 3, 7), (2, 5, 8))
1231: ((1, 9, 6), (4, 3, 7), (2, 5, 8))
1232: ((4, 9, 6), (1, 3, 7), (8, 5, 2))
1233: ((1, 9, 6), (4, 3, 7), (8, 5, 2))
1234: ((4, 9, 6), (1, 3, 7), (5, 8, 2))
1235: ((1, 9, 6), (4, 3, 7), (5, 8, 2))
1236: ((4, 9, 6), (1, 7, 3), (2, 8, 5))
1237: ((1, 9, 6), (4, 7, 3), (2, 8, 5))
1238: ((4, 9, 6), (1, 7, 3), (8, 5, 2))
1239: ((1, 9, 6), (4, 7, 3), (8, 5, 2))
1240: ((4, 9, 3), (1, 7, 6), (2, 8, 5))
1241: ((1, 9, 3), (4, 7, 6), (2, 8, 5))
1242: ((4, 9, 3), (1, 7, 6), (8, 5, 2))
1243: ((1, 9, 3), (4, 7, 6), (8, 5, 2))
1244: ((4, 2, 9), (1, 3, 7), (8, 5, 6))
1245: ((1, 2, 9), (4, 3, 7), (8, 5, 6))
1246: ((4, 2, 5), (1, 3, 6), (9, 7, 8))
1247: ((1, 2, 5), (4, 3, 6), (9, 7, 8))
1248: ((4, 5, 9), (2, 1, 6), (8, 3, 7))
1249: ((2, 5, 9), (4, 1, 6), (8, 3, 7))
1250: ((4, 1, 9), (2, 5, 6), (8, 3, 7))
1251: ((2, 1, 9), (4, 5, 6), (8, 3, 7))
1252: ((4, 5, 9), (2, 1, 6), (8, 7, 3))
1253: ((4, 5, 9), (2, 1, 6), (7, 8, 3))
1254: ((4, 5, 9), (2, 1, 3), (8, 7, 6))
1255: ((2, 5, 9), (4, 1, 6), (8, 7, 3))
1256: ((4, 1, 9), (2, 5, 6), (8, 7, 3))
1257: ((4, 5, 9), (2, 1, 3), (7, 8, 6))
1258: ((2, 5, 9), (4, 1, 6), (7, 8, 3))
1259: ((4, 1, 9), (2, 5, 6), (7, 8, 3))
1260: ((4, 9, 5), (1, 7, 2), (8, 6, 3))
1261: ((1, 9, 5), (4, 7, 2), (8, 6, 3))
1262: ((4, 5, 9), (1, 2, 6), (3, 8, 7))
1263: ((1, 5, 9), (4, 2, 6), (3, 8, 7))
1264: ((4, 2, 9), (1, 5, 6), (3, 8, 7))
1265: ((1, 2, 9), (4, 5, 6), (3, 8, 7))
1266: ((4, 5, 9), (1, 2, 6), (3, 7, 8))
1267: ((1, 5, 9), (4, 2, 6), (3, 7, 8))
1268: ((4, 2, 9), (1, 5, 6), (3, 7, 8))
1269: ((1, 2, 9), (4, 5, 6), (3, 7, 8))
1270: ((4, 9, 5), (3, 6, 1), (8, 2, 7))
1271: ((4, 9, 5), (3, 2, 1), (8, 6, 7))
1272: ((4, 9, 5), (3, 2, 1), (8, 7, 6))
1273: ((4, 9, 5), (3, 2, 1), (7, 8, 6))
1274: ((3, 9, 5), (4, 6, 1), (8, 2, 7))
1275: ((4, 9, 5), (3, 6, 1), (2, 8, 7))
1276: ((3, 9, 5), (4, 2, 1), (8, 6, 7))
1277: ((4, 9, 1), (3, 6, 5), (8, 2, 7))
1278: ((4, 9, 1), (3, 5, 6), (8, 2, 7))
1279: ((4, 9, 1), (3, 2, 5), (8, 6, 7))
1280: ((3, 9, 5), (4, 2, 1), (8, 7, 6))
1281: ((4, 9, 1), (3, 2, 5), (8, 7, 6))
1282: ((4, 9, 5), (3, 6, 1), (2, 7, 8))
1283: ((4, 9, 1), (3, 2, 6), (8, 5, 7))
1284: ((3, 9, 5), (4, 2, 1), (7, 8, 6))
1285: ((4, 9, 1), (3, 2, 5), (7, 8, 6))
1286: ((3, 9, 5), (4, 6, 1), (2, 8, 7))
1287: ((3, 9, 1), (4, 6, 5), (8, 2, 7))
1288: ((3, 9, 1), (4, 5, 6), (8, 2, 7))
1289: ((4, 9, 5), (3, 2, 1), (6, 8, 7))
1290: ((8, 2, 5), (4, 3, 6), (1, 9, 7))
1291: ((4, 5, 9), (1, 8, 3), (2, 6, 7))
1292: ((1, 5, 9), (4, 8, 3), (2, 6, 7))
1293: ((4, 5, 9), (1, 8, 3), (2, 7, 6))
1294: ((1, 5, 9), (4, 8, 3), (2, 7, 6))
1295: ((4, 5, 9), (1, 6, 3), (7, 2, 8))
1296: ((1, 5, 9), (4, 6, 3), (7, 2, 8))
1297: ((4, 9, 5), (6, 1, 3), (8, 2, 7))
1298: ((4, 9, 3), (6, 1, 5), (8, 2, 7))
1299: ((4, 9, 5), (6, 1, 3), (2, 8, 7))
1300: ((4, 9, 3), (6, 1, 5), (2, 8, 7))
1301: ((4, 9, 5), (6, 1, 3), (2, 7, 8))
1302: ((4, 1, 5), (6, 9, 3), (8, 2, 7))
1303: ((1, 4, 5), (6, 9, 3), (8, 2, 7))
1304: ((4, 1, 3), (6, 9, 5), (8, 2, 7))
1305: ((4, 1, 5), (6, 2, 3), (8, 9, 7))
1306: ((4, 1, 5), (6, 2, 3), (8, 7, 9))
1307: ((4, 1, 5), (6, 2, 3), (7, 8, 9))
1308: ((4, 5, 9), (3, 1, 6), (8, 7, 2))
1309: ((4, 5, 9), (3, 1, 6), (7, 8, 2))
1310: ((4, 1, 9), (3, 5, 6), (8, 7, 2))
1311: ((4, 1, 9), (3, 5, 6), (7, 8, 2))
1312: ((4, 5, 9), (3, 1, 2), (8, 7, 6))
1313: ((4, 5, 9), (3, 1, 2), (7, 8, 6))
1314: ((4, 1, 9), (3, 5, 2), (8, 7, 6))
1315: ((4, 1, 9), (3, 5, 2), (7, 8, 6))
1316: ((3, 5, 9), (4, 1, 6), (8, 7, 2))
1317: ((3, 5, 9), (4, 1, 6), (7, 8, 2))
1318: ((3, 1, 9), (4, 5, 6), (8, 7, 2))
1319: ((3, 1, 9), (4, 5, 6), (7, 8, 2))
1320: ((8, 9, 5), (2, 4, 6), (1, 3, 7))
1321: ((4, 5, 9), (1, 8, 6), (2, 3, 7))
1322: ((1, 5, 9), (4, 8, 6), (2, 3, 7))
1323: ((4, 5, 9), (1, 8, 6), (2, 7, 3))
1324: ((1, 5, 9), (4, 8, 6), (2, 7, 3))
1325: ((4, 5, 9), (2, 3, 6), (1, 8, 7))
1326: ((2, 5, 9), (4, 3, 6), (1, 8, 7))
1327: ((4, 3, 9), (2, 5, 6), (1, 8, 7))
1328: ((4, 5, 9), (2, 6, 3), (1, 8, 7))
1329: ((2, 3, 9), (4, 5, 6), (1, 8, 7))
1330: ((2, 5, 9), (4, 6, 3), (1, 8, 7))
1331: ((4, 5, 9), (2, 3, 6), (1, 7, 8))
1332: ((2, 5, 9), (4, 3, 6), (1, 7, 8))
1333: ((4, 5, 9), (3, 1, 6), (7, 2, 8))
1334: ((4, 5, 9), (1, 3, 8), (2, 7, 6))
1335: ((1, 5, 9), (4, 3, 8), (2, 7, 6))
1336: ((2, 9, 5), (4, 8, 3), (1, 7, 6))
1337: ((4, 5, 9), (3, 2, 6), (8, 1, 7))
1338: ((4, 2, 9), (3, 5, 6), (8, 1, 7))
1339: ((4, 5, 9), (3, 2, 6), (1, 8, 7))
1340: ((4, 2, 9), (3, 5, 6), (1, 8, 7))
1341: ((3, 5, 9), (4, 2, 6), (8, 1, 7))
1342: ((3, 2, 9), (4, 5, 6), (8, 1, 7))
1343: ((1, 9, 5), (3, 8, 6), (4, 2, 7))
1344: ((4, 9, 5), (1, 3, 2), (7, 6, 8))
1345: ((1, 9, 5), (4, 3, 2), (7, 6, 8))
1346: ((4, 5, 9), (1, 3, 2), (8, 6, 7))
1347: ((1, 5, 9), (4, 3, 2), (8, 6, 7))
1348: ((4, 9, 5), (1, 8, 7), (2, 6, 3))
1349: ((1, 9, 5), (4, 8, 7), (2, 6, 3))
1350: ((1, 2, 5), (8, 3, 6), (4, 9, 7))
1351: ((5, 3, 9), (1, 2, 6), (8, 4, 7))
1352: ((1, 3, 9), (5, 2, 6), (8, 4, 7))
1353: ((5, 3, 9), (1, 2, 6), (4, 8, 7))
1354: ((5, 4, 9), (1, 3, 6), (8, 7, 2))
1355: ((5, 4, 9), (1, 3, 6), (7, 8, 2))
1356: ((1, 4, 9), (5, 3, 6), (8, 7, 2))
1357: ((1, 4, 9), (5, 3, 6), (7, 8, 2))
1358: ((5, 4, 9), (1, 6, 3), (8, 7, 2))
1359: ((5, 4, 9), (1, 6, 3), (7, 8, 2))
1360: ((5, 4, 9), (1, 3, 2), (8, 7, 6))
1361: ((5, 4, 9), (1, 3, 2), (7, 8, 6))
1362: ((1, 4, 9), (5, 6, 3), (8, 7, 2))
1363: ((1, 4, 9), (5, 3, 2), (8, 7, 6))
1364: ((1, 4, 9), (5, 6, 3), (7, 8, 2))
1365: ((1, 4, 9), (5, 3, 2), (7, 8, 6))
1366: ((5, 3, 9), (1, 4, 6), (8, 7, 2))
1367: ((5, 3, 9), (1, 4, 6), (7, 8, 2))
1368: ((1, 3, 9), (5, 4, 6), (8, 7, 2))
1369: ((1, 3, 9), (5, 4, 6), (7, 8, 2))
1370: ((4, 9, 5), (1, 8, 3), (7, 6, 2))
1371: ((1, 9, 5), (4, 8, 3), (7, 6, 2))
1372: ((4, 9, 6), (5, 8, 3), (1, 2, 7))
1373: ((4, 9, 6), (5, 2, 3), (1, 8, 7))
1374: ((4, 9, 3), (5, 8, 6), (1, 2, 7))
1375: ((4, 3, 9), (1, 7, 6), (8, 5, 2))
1376: ((1, 3, 9), (4, 7, 6), (8, 5, 2))
1377: ((1, 9, 6), (3, 2, 5), (8, 4, 7))
1378: ((1, 9, 6), (3, 2, 5), (4, 8, 7))
1379: ((4, 5, 3), (1, 9, 6), (7, 2, 8))
1380: ((1, 5, 3), (4, 9, 6), (7, 2, 8))
1381: ((8, 9, 5), (3, 2, 6), (1, 4, 7))
1382: ((4, 9, 5), (3, 1, 7), (2, 6, 8))
1383: ((5, 2, 9), (1, 3, 6), (8, 4, 7))
1384: ((4, 1, 5), (3, 9, 6), (7, 2, 8))
1385: ((1, 9, 5), (3, 4, 6), (7, 2, 8))
1386: ((5, 4, 9), (1, 3, 6), (7, 2, 8))
1387: ((1, 5, 9), (2, 3, 6), (4, 8, 7))
1388: ((4, 5, 9), (1, 3, 8), (7, 2, 6))
1389: ((1, 5, 9), (4, 3, 8), (7, 2, 6))
1390: ((1, 9, 5), (3, 2, 7), (8, 4, 6))
1391: ((1, 9, 5), (3, 2, 7), (4, 8, 6))
1392: ((4, 5, 9), (1, 8, 6), (7, 2, 3))
1393: ((1, 5, 9), (4, 8, 6), (7, 2, 3))
1394: ((4, 8, 9), (1, 5, 6), (2, 3, 7))
1395: ((1, 8, 9), (4, 5, 6), (2, 3, 7))
1396: ((1, 9, 5), (2, 8, 6), (4, 3, 7))
1397: ((4, 5, 9), (1, 8, 3), (7, 2, 6))
1398: ((1, 4, 9), (5, 2, 3), (8, 7, 6))
1399: ((4, 9, 5), (8, 3, 2), (1, 6, 7))
1400: ((4, 9, 6), (3, 1, 5), (7, 2, 8))
1401: ((4, 9, 6), (5, 3, 1), (8, 2, 7))
1402: ((5, 2, 9), (1, 4, 3), (8, 7, 6))
1403: ((4, 9, 5), (2, 3, 8), (1, 7, 6))
1404: ((2, 9, 5), (4, 3, 8), (1, 7, 6))
1405: ((4, 9, 5), (3, 8, 6), (1, 7, 2))
1406: ((4, 9, 5), (3, 8, 2), (1, 7, 6))
1407: ((4, 9, 5), (3, 7, 6), (1, 8, 2))
1408: ((3, 9, 5), (4, 8, 6), (1, 7, 2))
1409: ((1, 4, 5), (2, 9, 6), (8, 7, 3))
1410: ((1, 4, 5), (2, 9, 6), (7, 8, 3))
1411: ((4, 9, 5), (6, 1, 3), (7, 2, 8))
1412: ((1, 4, 5), (2, 9, 3), (8, 7, 6))
1413: ((4, 9, 5), (6, 1, 3), (8, 7, 2))
1414: ((4, 9, 5), (6, 1, 3), (7, 8, 2))
1415: ((4, 9, 3), (6, 1, 5), (8, 7, 2))
1416: ((4, 9, 3), (6, 1, 5), (7, 8, 2))
1417: ((4, 9, 5), (2, 1, 6), (3, 8, 7))
1418: ((2, 9, 5), (4, 1, 6), (3, 8, 7))
1419: ((4, 9, 5), (2, 1, 6), (3, 7, 8))
1420: ((2, 9, 5), (4, 1, 6), (3, 7, 8))
1421: ((4, 9, 5), (6, 2, 3), (8, 1, 7))
1422: ((4, 9, 3), (6, 2, 5), (8, 1, 7))
1423: ((4, 9, 5), (6, 2, 3), (1, 8, 7))
1424: ((6, 9, 5), (4, 1, 3), (8, 2, 7))
1425: ((6, 9, 3), (4, 1, 5), (8, 2, 7))
1426: ((6, 9, 5), (1, 4, 3), (8, 2, 7))
1427: ((4, 9, 5), (2, 8, 3), (1, 6, 7))
1428: ((2, 9, 5), (4, 8, 3), (1, 6, 7))
1429: ((4, 9, 5), (3, 6, 1), (7, 2, 8))
1430: ((3, 9, 5), (2, 4, 6), (8, 1, 7))
1431: ((4, 3, 5), (8, 9, 6), (1, 7, 2))
1432: ((4, 5, 3), (8, 9, 6), (1, 7, 2))
1433: ((4, 3, 5), (8, 9, 2), (1, 7, 6))
1434: ((4, 9, 5), (1, 8, 6), (7, 3, 2))
1435: ((1, 9, 5), (4, 8, 6), (7, 3, 2))
1436: ((4, 9, 5), (1, 8, 2), (7, 3, 6))
1437: ((1, 9, 5), (4, 8, 2), (7, 3, 6))
1438: ((4, 9, 5), (3, 8, 1), (2, 6, 7))
1439: ((4, 9, 5), (3, 8, 1), (2, 7, 6))
1440: ((4, 3, 9), (1, 5, 6), (7, 2, 8))
1441: ((1, 3, 9), (4, 5, 6), (7, 2, 8))
1442: ((4, 9, 5), (2, 3, 7), (1, 6, 8))
1443: ((2, 9, 5), (4, 3, 7), (1, 6, 8))
1444: ((4, 9, 5), (1, 7, 6), (3, 8, 2))
1445: ((1, 9, 5), (4, 7, 6), (3, 8, 2))
1446: ((4, 9, 5), (1, 7, 2), (3, 8, 6))
1447: ((1, 9, 5), (4, 7, 2), (3, 8, 6))
1448: ((4, 9, 5), (1, 8, 6), (3, 7, 2))
1449: ((1, 9, 5), (4, 8, 6), (3, 7, 2))
1450: ((4, 2, 5), (8, 3, 9), (1, 6, 7))
1451: ((4, 9, 5), (3, 6, 1), (8, 7, 2))
1452: ((4, 9, 5), (3, 6, 1), (7, 8, 2))
1453: ((3, 9, 5), (4, 6, 1), (8, 7, 2))
1454: ((3, 9, 5), (4, 6, 1), (7, 8, 2))
1455: ((3, 9, 5), (1, 2, 6), (8, 4, 7))
1456: ((4, 2, 6), (8, 3, 5), (1, 9, 7))
1457: ((1, 9, 6), (2, 3, 5), (4, 8, 7))
1458: ((1, 9, 6), (2, 5, 3), (4, 8, 7))
1459: ((4, 2, 6), (8, 5, 3), (1, 9, 7))
1460: ((1, 5, 9), (2, 4, 6), (8, 3, 7))
1461: ((2, 5, 9), (4, 1, 3), (8, 7, 6))
1462: ((4, 1, 9), (2, 5, 3), (8, 7, 6))
1463: ((4, 2, 5), (8, 3, 7), (1, 9, 6))
1464: ((4, 9, 5), (8, 2, 7), (1, 6, 3))
1465: ((4, 9, 5), (3, 1, 8), (2, 7, 6))
1466: ((4, 9, 5), (1, 2, 7), (3, 6, 8))
1467: ((1, 9, 5), (4, 2, 7), (3, 6, 8))
1468: ((4, 9, 5), (3, 1, 8), (7, 2, 6))
1469: ((4, 9, 6), (1, 5, 7), (8, 3, 2))
1470: ((1, 9, 6), (4, 5, 7), (8, 3, 2))
1471: ((4, 9, 6), (1, 7, 5), (8, 2, 3))
1472: ((1, 9, 6), (4, 7, 5), (8, 2, 3))
1473: ((4, 3, 5), (1, 6, 9), (7, 2, 8))
1474: ((1, 3, 5), (4, 6, 9), (7, 2, 8))
1475: ((4, 3, 5), (1, 9, 8), (2, 7, 6))
1476: ((1, 3, 5), (4, 9, 8), (2, 7, 6))
1477: ((4, 3, 5), (1, 9, 8), (7, 2, 6))
1478: ((1, 3, 5), (4, 9, 8), (7, 2, 6))
1479: ((4, 5, 6), (1, 3, 9), (7, 2, 8))
1480: ((1, 5, 6), (4, 3, 9), (7, 2, 8))
1481: ((4, 9, 5), (2, 1, 7), (8, 6, 3))
1482: ((2, 9, 5), (4, 1, 7), (8, 6, 3))
1483: ((3, 9, 5), (4, 1, 6), (7, 2, 8))
1484: ((1, 9, 5), (2, 4, 6), (3, 8, 7))
1485: ((1, 9, 5), (2, 4, 3), (8, 6, 7))
1486: ((4, 9, 5), (1, 2, 8), (3, 7, 6))
1487: ((1, 9, 5), (4, 2, 8), (3, 7, 6))
1488: ((1, 9, 5), (2, 4, 7), (8, 3, 6))
1489: ((1, 9, 5), (2, 3, 7), (4, 8, 6))
1490: ((4, 3, 5), (1, 9, 7), (2, 6, 8))
1491: ((1, 3, 5), (4, 9, 7), (2, 6, 8))
1492: ((1, 9, 5), (6, 4, 3), (8, 2, 7))
1493: ((1, 9, 3), (6, 4, 5), (8, 2, 7))
1494: ((4, 2, 5), (1, 3, 9), (6, 8, 7))
1495: ((1, 2, 5), (4, 3, 9), (6, 8, 7))
1496: ((1, 9, 5), (6, 2, 3), (8, 4, 7))
1497: ((1, 9, 5), (6, 2, 3), (4, 8, 7))
1498: ((4, 3, 9), (1, 2, 6), (8, 7, 5))
1499: ((1, 3, 9), (4, 2, 6), (8, 7, 5))
1500: ((4, 3, 9), (1, 2, 6), (7, 8, 5))
1501: ((1, 3, 9), (4, 2, 6), (7, 8, 5))
1502: ((4, 2, 9), (1, 3, 6), (8, 7, 5))
1503: ((1, 2, 9), (4, 3, 6), (8, 7, 5))
1504: ((4, 2, 9), (1, 3, 6), (7, 8, 5))
1505: ((4, 2, 5), (1, 3, 7), (8, 6, 9))
1506: ((1, 2, 5), (4, 3, 7), (8, 6, 9))
1507: ((4, 2, 9), (1, 3, 5), (8, 6, 7))
1508: ((1, 2, 9), (4, 3, 5), (8, 6, 7))
1509: ((4, 3, 5), (1, 8, 6), (7, 2, 9))
1510: ((1, 3, 5), (4, 8, 6), (7, 2, 9))
1511: ((2, 1, 5), (4, 9, 3), (8, 7, 6))
1512: ((4, 6, 9), (1, 3, 5), (8, 2, 7))
1513: ((1, 6, 9), (4, 3, 5), (8, 2, 7))
1514: ((4, 2, 9), (1, 3, 6), (5, 8, 7))
1515: ((1, 2, 9), (4, 3, 6), (5, 8, 7))
1516: ((1, 3, 5), (2, 9, 6), (4, 8, 7))
1517: ((4, 3, 5), (2, 9, 6), (1, 8, 7))
1518: ((2, 3, 5), (4, 9, 6), (1, 8, 7))
1519: ((4, 5, 3), (2, 9, 6), (1, 8, 7))
1520: ((2, 5, 3), (4, 9, 6), (1, 8, 7))
1521: ((4, 3, 5), (2, 9, 6), (1, 7, 8))
1522: ((2, 3, 5), (4, 9, 6), (1, 7, 8))
1523: ((4, 2, 5), (1, 9, 7), (8, 6, 3))
1524: ((1, 2, 5), (4, 9, 7), (8, 6, 3))
1525: ((4, 3, 5), (1, 8, 9), (2, 6, 7))
1526: ((1, 3, 5), (4, 8, 9), (2, 6, 7))
1527: ((4, 3, 5), (1, 8, 9), (2, 7, 6))
1528: ((1, 3, 5), (4, 8, 9), (2, 7, 6))
1529: ((4, 5, 9), (3, 8, 6), (1, 2, 7))
1530: ((3, 5, 9), (4, 8, 6), (1, 2, 7))
1531: ((3, 5, 9), (4, 2, 6), (1, 8, 7))
1532: ((3, 2, 9), (4, 5, 6), (1, 8, 7))
1533: ((4, 3, 9), (5, 8, 6), (1, 2, 7))
1534: ((4, 3, 9), (5, 2, 6), (1, 8, 7))
1535: ((4, 8, 9), (3, 5, 6), (1, 2, 7))
1536: ((4, 8, 9), (3, 2, 6), (1, 5, 7))
1537: ((4, 9, 6), (1, 5, 8), (2, 3, 7))
1538: ((1, 9, 6), (4, 5, 8), (2, 3, 7))
1539: ((4, 5, 9), (8, 3, 6), (1, 7, 2))
1540: ((4, 3, 9), (8, 5, 6), (1, 7, 2))
1541: ((4, 5, 9), (8, 6, 3), (1, 7, 2))
1542: ((4, 5, 9), (8, 3, 2), (1, 7, 6))
1543: ((4, 2, 9), (8, 3, 6), (1, 5, 7))
1544: ((3, 4, 5), (1, 9, 6), (7, 2, 8))
1545: ((4, 5, 9), (1, 2, 7), (8, 6, 3))
1546: ((1, 5, 9), (4, 2, 7), (8, 6, 3))
1547: ((4, 2, 9), (1, 5, 7), (8, 6, 3))
1548: ((1, 2, 9), (4, 5, 7), (8, 6, 3))
1549: ((4, 9, 5), (2, 1, 3), (8, 6, 7))
1550: ((2, 9, 5), (4, 1, 3), (8, 6, 7))
1551: ((4, 9, 3), (2, 1, 5), (8, 6, 7))
1552: ((2, 9, 3), (4, 1, 5), (8, 6, 7))
1553: ((4, 9, 3), (2, 1, 5), (8, 7, 6))
1554: ((4, 9, 3), (2, 1, 5), (7, 8, 6))
1555: ((4, 9, 5), (2, 1, 3), (6, 8, 7))
1556: ((2, 9, 5), (4, 1, 3), (6, 8, 7))
1557: ((3, 4, 5), (1, 9, 6), (8, 7, 2))
1558: ((3, 4, 5), (1, 9, 6), (7, 8, 2))
1559: ((3, 4, 5), (1, 9, 2), (8, 7, 6))
1560: ((3, 4, 5), (1, 9, 2), (7, 8, 6))
1561: ((4, 5, 9), (1, 3, 7), (2, 6, 8))
1562: ((1, 5, 9), (4, 3, 7), (2, 6, 8))
1563: ((4, 9, 6), (3, 5, 8), (1, 2, 7))
1564: ((4, 9, 6), (3, 2, 8), (1, 5, 7))
1565: ((1, 3, 5), (2, 4, 6), (8, 9, 7))
1566: ((1, 3, 5), (2, 4, 6), (8, 7, 9))
1567: ((1, 3, 5), (2, 4, 6), (7, 8, 9))
1568: ((4, 3, 5), (2, 1, 6), (8, 9, 7))
1569: ((2, 3, 5), (4, 1, 6), (8, 9, 7))
1570: ((4, 3, 5), (2, 1, 6), (8, 7, 9))
1571: ((4, 3, 5), (2, 1, 6), (7, 8, 9))
1572: ((4, 5, 3), (2, 1, 6), (8, 9, 7))
1573: ((2, 3, 5), (4, 1, 6), (8, 7, 9))
1574: ((2, 5, 3), (4, 1, 6), (8, 9, 7))
1575: ((4, 1, 3), (2, 5, 6), (8, 9, 7))
1576: ((4, 1, 5), (2, 3, 6), (8, 9, 7))
1577: ((2, 1, 5), (4, 3, 6), (8, 9, 7))
1578: ((2, 3, 5), (4, 1, 6), (7, 8, 9))
1579: ((4, 5, 3), (2, 1, 6), (8, 7, 9))
1580: ((4, 5, 3), (2, 1, 6), (7, 8, 9))
1581: ((4, 1, 5), (2, 3, 6), (8, 7, 9))
1582: ((4, 1, 5), (2, 3, 6), (7, 8, 9))
1583: ((1, 9, 2), (4, 5, 6), (7, 8, 3))
1584: ((4, 9, 2), (1, 6, 3), (8, 7, 5))
1585: ((1, 9, 2), (4, 6, 3), (8, 7, 5))
1586: ((4, 9, 2), (1, 6, 3), (7, 8, 5))
1587: ((4, 5, 9), (1, 7, 6), (2, 8, 3))
1588: ((1, 5, 9), (4, 7, 6), (2, 8, 3))
1589: ((4, 3, 6), (1, 5, 9), (2, 7, 8))
1590: ((1, 3, 6), (4, 5, 9), (2, 7, 8))
1591: ((1, 5, 2), (4, 9, 3), (7, 8, 6))
1592: ((4, 9, 3), (8, 6, 5), (7, 1, 2))
1593: ((8, 3, 9), (1, 5, 6), (4, 2, 7))
1594: ((8, 5, 9), (1, 6, 3), (4, 2, 7))
1595: ((8, 5, 9), (4, 2, 3), (1, 6, 7))
1596: ((8, 2, 9), (4, 5, 3), (1, 6, 7))
1597: ((8, 5, 9), (4, 2, 6), (1, 3, 7))
1598: ((8, 2, 9), (4, 5, 6), (1, 3, 7))
1599: ((4, 9, 6), (8, 3, 5), (7, 1, 2))
1600: ((4, 9, 6), (8, 5, 3), (7, 1, 2))
1601: ((1, 5, 9), (8, 2, 3), (4, 6, 7))
1602: ((1, 2, 9), (8, 5, 3), (4, 6, 7))
1603: ((1, 9, 5), (7, 4, 3), (2, 8, 6))
1604: ((1, 5, 9), (8, 2, 6), (4, 3, 7))
1605: ((1, 2, 9), (8, 5, 6), (4, 3, 7))
1606: ((1, 5, 9), (3, 4, 6), (2, 8, 7))
1607: ((4, 5, 3), (1, 6, 9), (2, 7, 8))
1608: ((1, 5, 3), (4, 6, 9), (2, 7, 8))
1609: ((4, 9, 5), (7, 1, 3), (2, 8, 6))
1610: ((2, 9, 5), (1, 8, 6), (4, 3, 7))
1611: ((4, 9, 6), (1, 5, 2), (3, 7, 8))
1612: ((1, 9, 6), (4, 5, 2), (3, 7, 8))
1613: ((4, 9, 6), (2, 8, 5), (1, 3, 7))
1614: ((2, 9, 6), (4, 8, 5), (1, 3, 7))
1615: ((4, 6, 3), (1, 5, 2), (8, 9, 7))
1616: ((1, 6, 3), (4, 5, 2), (8, 9, 7))
1617: ((4, 9, 6), (8, 3, 2), (1, 5, 7))
1618: ((4, 6, 3), (1, 9, 5), (2, 8, 7))
1619: ((1, 6, 3), (4, 9, 5), (2, 8, 7))
1620: ((1, 2, 3), (4, 5, 6), (7, 8, 9))
