Time taken: 0:00:51.784041
Result steps:
0: ((6, 2, 7), (9, 8, 4), (3, 1, 5))
1: ((6, 2, 7), (8, 9, 4), (3, 1, 5))
2: ((6, 2, 7), (8, 9, 4), (1, 3, 5))
3: ((6, 2, 7), (8, 3, 4), (1, 9, 5))
4: ((6, 2, 7), (8, 4, 3), (1, 9, 5))
5: ((6, 2, 3), (8, 4, 7), (1, 9, 5))
6: ((6, 2, 3), (8, 4, 5), (1, 9, 7))
7: ((6, 2, 3), (1, 4, 5), (8, 9, 7))
8: ((1, 2, 3), (6, 4, 5), (8, 9, 7))
9: ((1, 2, 3), (6, 4, 5), (8, 7, 9))
10: ((1, 2, 3), (4, 6, 5), (8, 7, 9))
11: ((1, 2, 3), (4, 5, 6), (8, 7, 9))
12: ((1, 2, 3), (4, 5, 6), (7, 8, 9))
