Search steps:
0: ((1, 2, 8), (5, 3, 6), (4, 9, 7))
1: ((1, 2, 8), (5, 3, 6), (4, 7, 9))
2: ((1, 2, 8), (4, 3, 6), (5, 9, 7))
3: ((1, 2, 8), (5, 6, 3), (4, 9, 7))
4: ((2, 1, 8), (5, 3, 6), (4, 9, 7))
5: ((1, 3, 8), (5, 2, 6), (4, 9, 7))
6: ((2, 1, 8), (5, 3, 6), (4, 7, 9))
7: ((1, 3, 8), (5, 2, 6), (4, 7, 9))
8: ((1, 2, 8), (5, 6, 3), (4, 7, 9))
9: ((1, 2, 8), (4, 3, 6), (5, 7, 9))
10: ((1, 2, 8), (3, 5, 6), (4, 9, 7))
11: ((1, 2, 8), (3, 5, 6), (4, 7, 9))
12: ((1, 3, 8), (4, 2, 6), (5, 9, 7))
13: ((1, 2, 8), (4, 3, 6), (7, 5, 9))
14: ((2, 1, 8), (4, 3, 6), (5, 9, 7))
15: ((1, 2, 8), (4, 6, 3), (5, 9, 7))
16: ((1, 3, 8), (2, 5, 6), (4, 9, 7))
17: ((2, 1, 8), (5, 6, 3), (4, 9, 7))
18: ((1, 5, 8), (3, 2, 6), (4, 9, 7))
19: ((1, 2, 8), (5, 3, 6), (7, 4, 9))
20: ((4, 2, 8), (1, 3, 6), (5, 9, 7))
21: ((1, 2, 8), (5, 3, 9), (4, 7, 6))
22: ((2, 1, 8), (3, 5, 6), (4, 9, 7))
23: ((1, 2, 8), (5, 3, 7), (4, 9, 6))
24: ((1, 2, 8), (4, 3, 7), (5, 9, 6))
25: ((1, 2, 8), (5, 3, 7), (4, 6, 9))
26: ((5, 2, 8), (1, 3, 6), (4, 9, 7))
27: ((5, 2, 8), (1, 3, 6), (4, 7, 9))
28: ((5, 2, 8), (4, 3, 6), (1, 9, 7))
29: ((5, 2, 8), (1, 6, 3), (4, 9, 7))
30: ((2, 1, 8), (5, 3, 7), (4, 9, 6))
31: ((1, 3, 8), (5, 2, 7), (4, 9, 6))
32: ((5, 3, 8), (1, 2, 6), (4, 9, 7))
33: ((1, 2, 8), (5, 7, 3), (4, 9, 6))
34: ((1, 2, 8), (7, 5, 3), (4, 9, 6))
35: ((1, 2, 8), (4, 5, 3), (7, 9, 6))
36: ((4, 2, 8), (1, 3, 6), (5, 7, 9))
37: ((2, 1, 8), (3, 5, 6), (4, 7, 9))
38: ((1, 3, 8), (4, 2, 6), (5, 7, 9))
39: ((2, 5, 8), (1, 3, 6), (4, 9, 7))
40: ((2, 1, 8), (5, 6, 3), (4, 7, 9))
41: ((1, 3, 8), (2, 5, 6), (4, 7, 9))
42: ((2, 5, 8), (1, 3, 6), (4, 7, 9))
43: ((1, 5, 8), (3, 2, 6), (4, 7, 9))
44: ((2, 1, 8), (4, 3, 6), (5, 7, 9))
45: ((1, 2, 8), (4, 6, 3), (5, 7, 9))
46: ((5, 3, 8), (1, 2, 6), (4, 7, 9))
47: ((5, 2, 8), (4, 3, 6), (1, 7, 9))
48: ((5, 2, 8), (1, 6, 3), (4, 7, 9))
49: ((1, 2, 8), (4, 3, 7), (5, 6, 9))
50: ((1, 2, 8), (3, 5, 7), (4, 9, 6))
51: ((2, 1, 8), (4, 3, 6), (7, 5, 9))
52: ((1, 2, 8), (4, 6, 3), (7, 5, 9))
53: ((1, 2, 8), (4, 3, 9), (5, 7, 6))
54: ((1, 8, 2), (5, 3, 6), (4, 9, 7))
55: ((1, 8, 2), (5, 3, 6), (4, 7, 9))
56: ((1, 8, 2), (4, 3, 6), (5, 9, 7))
57: ((1, 8, 2), (5, 6, 3), (4, 9, 7))
58: ((1, 8, 2), (4, 3, 6), (5, 7, 9))
59: ((1, 8, 2), (5, 6, 3), (4, 7, 9))
60: ((1, 2, 8), (4, 3, 9), (7, 5, 6))
61: ((1, 8, 2), (3, 5, 6), (4, 9, 7))
62: ((1, 8, 2), (3, 5, 6), (4, 7, 9))
63: ((4, 2, 8), (1, 3, 6), (7, 5, 9))
64: ((2, 1, 8), (4, 6, 3), (5, 9, 7))
65: ((1, 5, 8), (2, 3, 6), (4, 9, 7))
66: ((1, 3, 8), (4, 2, 7), (5, 9, 6))
67: ((1, 3, 8), (4, 2, 6), (7, 5, 9))
68: ((2, 1, 8), (4, 3, 7), (5, 9, 6))
69: ((1, 2, 8), (4, 7, 3), (5, 9, 6))
70: ((1, 8, 2), (4, 3, 6), (7, 5, 9))
71: ((1, 8, 2), (4, 6, 3), (5, 9, 7))
72: ((5, 2, 8), (1, 3, 6), (7, 4, 9))
73: ((1, 2, 8), (3, 5, 9), (4, 7, 6))
74: ((1, 3, 2), (5, 8, 6), (4, 9, 7))
75: ((1, 2, 3), (5, 8, 6), (4, 9, 7))
76: ((1, 3, 2), (5, 8, 6), (4, 7, 9))
77: ((1, 3, 2), (4, 8, 6), (5, 9, 7))
78: ((1, 2, 8), (3, 5, 7), (4, 6, 9))
79: ((1, 2, 8), (3, 5, 6), (7, 4, 9))
80: ((1, 5, 8), (3, 2, 7), (4, 9, 6))
81: ((4, 2, 8), (1, 3, 7), (5, 9, 6))
82: ((1, 8, 3), (5, 2, 6), (4, 9, 7))
83: ((1, 8, 3), (5, 2, 6), (4, 7, 9))
84: ((1, 8, 3), (4, 2, 6), (5, 9, 7))
85: ((1, 2, 8), (5, 3, 9), (7, 4, 6))
86: ((4, 2, 8), (1, 6, 3), (5, 9, 7))
87: ((1, 2, 8), (3, 6, 5), (4, 9, 7))
88: ((1, 2, 8), (3, 6, 5), (4, 7, 9))
89: ((1, 2, 6), (5, 3, 8), (4, 9, 7))
90: ((1, 2, 6), (5, 3, 8), (4, 7, 9))
91: ((1, 2, 6), (4, 3, 8), (5, 9, 7))
92: ((1, 2, 6), (5, 8, 3), (4, 9, 7))
93: ((2, 1, 6), (5, 3, 8), (4, 9, 7))
94: ((1, 3, 6), (5, 2, 8), (4, 9, 7))
95: ((1, 2, 6), (4, 3, 8), (5, 7, 9))
96: ((1, 2, 6), (5, 8, 3), (4, 7, 9))
97: ((2, 1, 6), (5, 3, 8), (4, 7, 9))
98: ((1, 3, 6), (5, 2, 8), (4, 7, 9))
99: ((2, 1, 6), (4, 3, 8), (5, 9, 7))
100: ((2, 1, 6), (5, 8, 3), (4, 9, 7))
101: ((1, 2, 6), (4, 3, 8), (7, 5, 9))
102: ((1, 3, 6), (4, 2, 8), (5, 9, 7))
103: ((1, 2, 6), (3, 5, 8), (4, 9, 7))
104: ((1, 2, 6), (3, 5, 8), (4, 7, 9))
105: ((1, 2, 6), (4, 8, 3), (5, 9, 7))
106: ((1, 5, 6), (3, 2, 8), (4, 9, 7))
107: ((1, 3, 6), (2, 5, 8), (4, 9, 7))
108: ((1, 2, 6), (5, 3, 8), (7, 4, 9))
109: ((4, 2, 6), (1, 3, 8), (5, 9, 7))
110: ((2, 5, 8), (4, 3, 6), (1, 9, 7))
111: ((2, 5, 8), (1, 6, 3), (4, 9, 7))
112: ((2, 3, 8), (1, 5, 6), (4, 9, 7))
113: ((1, 8, 6), (5, 2, 3), (4, 9, 7))
114: ((1, 8, 3), (2, 5, 6), (4, 9, 7))
115: ((1, 2, 8), (5, 6, 3), (7, 4, 9))
116: ((4, 3, 8), (1, 2, 6), (5, 9, 7))
117: ((1, 2, 3), (5, 8, 6), (4, 7, 9))
118: ((1, 2, 3), (4, 8, 6), (5, 9, 7))
119: ((1, 3, 8), (5, 2, 6), (7, 4, 9))
120: ((1, 2, 8), (5, 7, 6), (4, 9, 3))
121: ((1, 2, 8), (5, 7, 3), (4, 6, 9))
122: ((1, 3, 8), (5, 2, 9), (4, 7, 6))
123: ((2, 1, 8), (5, 3, 6), (7, 4, 9))
124: ((5, 3, 8), (4, 2, 6), (1, 9, 7))
125: ((1, 3, 8), (5, 2, 7), (4, 6, 9))
126: ((1, 2, 8), (6, 5, 3), (4, 9, 7))
127: ((1, 2, 8), (6, 5, 3), (4, 7, 9))
128: ((1, 2, 3), (5, 6, 8), (4, 9, 7))
129: ((1, 2, 3), (5, 6, 8), (4, 7, 9))
130: ((1, 2, 3), (4, 6, 8), (5, 9, 7))
131: ((2, 1, 8), (5, 3, 7), (4, 6, 9))
132: ((1, 3, 8), (2, 5, 7), (4, 9, 6))
133: ((2, 1, 8), (5, 3, 9), (4, 7, 6))
134: ((5, 2, 8), (4, 6, 3), (1, 9, 7))
135: ((1, 5, 8), (6, 2, 3), (4, 9, 7))
136: ((5, 2, 8), (1, 3, 9), (4, 7, 6))
137: ((1, 8, 2), (5, 3, 9), (4, 7, 6))
138: ((1, 8, 2), (5, 3, 6), (7, 4, 9))
139: ((4, 8, 2), (1, 3, 6), (5, 9, 7))
140: ((5, 8, 2), (1, 3, 6), (4, 9, 7))
141: ((5, 8, 2), (1, 3, 6), (4, 7, 9))
142: ((5, 8, 2), (4, 3, 6), (1, 9, 7))
143: ((5, 8, 2), (1, 6, 3), (4, 9, 7))
144: ((1, 2, 8), (4, 3, 6), (9, 5, 7))
145: ((4, 2, 8), (1, 3, 6), (9, 5, 7))
146: ((1, 2, 8), (4, 6, 3), (9, 5, 7))
147: ((2, 1, 8), (3, 5, 7), (4, 9, 6))
148: ((2, 1, 6), (3, 5, 8), (4, 9, 7))
149: ((5, 2, 8), (1, 3, 7), (4, 9, 6))
150: ((5, 2, 8), (4, 3, 7), (1, 9, 6))
151: ((5, 2, 8), (1, 3, 7), (4, 6, 9))
152: ((1, 2, 8), (3, 9, 6), (4, 5, 7))
153: ((1, 8, 2), (5, 3, 7), (4, 9, 6))
154: ((1, 8, 2), (4, 3, 7), (5, 9, 6))
155: ((1, 8, 2), (5, 3, 7), (4, 6, 9))
156: ((5, 2, 6), (1, 3, 8), (4, 9, 7))
157: ((5, 2, 6), (1, 3, 8), (4, 7, 9))
158: ((5, 2, 6), (1, 8, 3), (4, 9, 7))
159: ((5, 2, 6), (4, 3, 8), (1, 9, 7))
160: ((2, 1, 8), (3, 6, 5), (4, 9, 7))
161: ((5, 3, 6), (1, 2, 8), (4, 9, 7))
162: ((2, 1, 8), (3, 9, 6), (4, 5, 7))
163: ((5, 3, 8), (1, 2, 7), (4, 9, 6))
164: ((2, 1, 8), (5, 7, 3), (4, 9, 6))
165: ((1, 3, 8), (4, 2, 6), (9, 5, 7))
166: ((2, 1, 8), (4, 3, 6), (9, 5, 7))
167: ((2, 1, 8), (7, 5, 3), (4, 9, 6))
168: ((2, 1, 8), (4, 5, 3), (7, 9, 6))
169: ((2, 1, 3), (5, 6, 8), (4, 9, 7))
170: ((2, 1, 8), (6, 5, 3), (4, 9, 7))
171: ((1, 2, 8), (4, 5, 3), (6, 9, 7))
172: ((1, 2, 8), (7, 5, 3), (4, 6, 9))
173: ((1, 2, 8), (4, 5, 3), (7, 6, 9))
174: ((4, 2, 8), (5, 3, 6), (1, 9, 7))
175: ((1, 2, 8), (7, 5, 6), (4, 9, 3))
176: ((1, 2, 8), (4, 5, 6), (7, 9, 3))
177: ((1, 8, 6), (5, 3, 2), (4, 9, 7))
178: ((1, 8, 6), (5, 3, 2), (4, 7, 9))
179: ((1, 8, 6), (4, 3, 2), (5, 9, 7))
180: ((1, 8, 6), (5, 2, 3), (4, 7, 9))
181: ((1, 8, 6), (4, 2, 3), (5, 9, 7))
182: ((1, 3, 8), (5, 6, 2), (4, 9, 7))
183: ((1, 3, 8), (5, 6, 2), (4, 7, 9))
184: ((1, 3, 8), (4, 6, 2), (5, 9, 7))
185: ((2, 1, 3), (5, 8, 6), (4, 9, 7))
186: ((1, 2, 8), (4, 5, 6), (3, 9, 7))
187: ((1, 2, 8), (4, 5, 6), (3, 7, 9))
188: ((4, 2, 8), (1, 5, 6), (3, 9, 7))
189: ((1, 5, 8), (4, 2, 6), (3, 9, 7))
190: ((2, 1, 8), (4, 5, 6), (3, 9, 7))
191: ((1, 2, 8), (5, 4, 6), (3, 9, 7))
192: ((1, 2, 8), (3, 4, 6), (5, 9, 7))
193: ((1, 2, 8), (3, 4, 6), (5, 7, 9))
194: ((1, 2, 8), (3, 4, 6), (7, 5, 9))
195: ((2, 1, 8), (3, 4, 6), (5, 9, 7))
196: ((5, 2, 3), (1, 8, 6), (4, 9, 7))
197: ((1, 8, 2), (5, 7, 3), (4, 9, 6))
198: ((1, 8, 2), (7, 5, 3), (4, 9, 6))
199: ((1, 8, 2), (4, 5, 3), (7, 9, 6))
200: ((5, 2, 8), (1, 7, 3), (4, 9, 6))
201: ((1, 6, 8), (5, 2, 3), (4, 9, 7))
202: ((1, 6, 8), (5, 2, 3), (4, 7, 9))
203: ((1, 6, 8), (4, 2, 3), (5, 9, 7))
204: ((1, 6, 8), (2, 5, 3), (4, 9, 7))
205: ((1, 8, 3), (5, 6, 2), (4, 9, 7))
206: ((2, 5, 8), (4, 3, 6), (1, 7, 9))
207: ((4, 2, 6), (1, 3, 8), (5, 7, 9))
208: ((1, 5, 6), (3, 2, 8), (4, 7, 9))
209: ((1, 3, 6), (2, 5, 8), (4, 7, 9))
210: ((1, 2, 6), (4, 8, 3), (5, 7, 9))
211: ((1, 3, 6), (4, 2, 8), (5, 7, 9))
212: ((2, 3, 8), (5, 1, 6), (4, 9, 7))
213: ((2, 3, 8), (5, 1, 6), (4, 7, 9))
214: ((2, 3, 8), (4, 1, 6), (5, 9, 7))
215: ((2, 3, 8), (1, 5, 6), (4, 7, 9))
216: ((2, 1, 6), (5, 8, 3), (4, 7, 9))
217: ((2, 5, 8), (1, 6, 3), (4, 7, 9))
218: ((2, 3, 8), (4, 1, 6), (5, 7, 9))
219: ((1, 6, 8), (4, 2, 3), (5, 7, 9))
220: ((1, 8, 3), (5, 6, 2), (4, 7, 9))
221: ((1, 6, 8), (2, 5, 3), (4, 7, 9))
222: ((1, 8, 3), (2, 5, 6), (4, 7, 9))
223: ((2, 1, 8), (3, 4, 6), (5, 7, 9))
224: ((3, 1, 8), (5, 2, 6), (4, 9, 7))
225: ((3, 1, 8), (5, 2, 6), (4, 7, 9))
226: ((3, 1, 8), (4, 2, 6), (5, 9, 7))
227: ((3, 1, 8), (2, 5, 6), (4, 9, 7))
228: ((3, 2, 8), (5, 1, 6), (4, 9, 7))
229: ((3, 2, 8), (1, 5, 6), (4, 9, 7))
230: ((2, 1, 6), (4, 3, 8), (5, 7, 9))
231: ((3, 1, 8), (4, 2, 6), (5, 7, 9))
232: ((3, 1, 8), (2, 5, 6), (4, 7, 9))
233: ((3, 2, 8), (5, 1, 6), (4, 7, 9))
234: ((1, 5, 8), (4, 2, 6), (3, 7, 9))
235: ((1, 2, 8), (5, 4, 6), (3, 7, 9))
236: ((2, 1, 8), (4, 5, 6), (3, 7, 9))
237: ((4, 2, 8), (1, 5, 6), (3, 7, 9))
238: ((1, 8, 6), (4, 3, 2), (5, 7, 9))
239: ((1, 3, 8), (4, 6, 2), (5, 7, 9))
240: ((4, 2, 8), (1, 6, 3), (5, 7, 9))
241: ((1, 8, 3), (4, 2, 6), (5, 7, 9))
242: ((2, 1, 8), (6, 5, 3), (4, 7, 9))
243: ((4, 2, 8), (5, 3, 6), (1, 7, 9))
244: ((1, 2, 8), (4, 5, 3), (6, 7, 9))
245: ((2, 1, 3), (5, 6, 8), (4, 7, 9))
246: ((5, 2, 6), (1, 8, 3), (4, 7, 9))
247: ((2, 1, 8), (3, 6, 5), (4, 7, 9))
248: ((5, 3, 6), (1, 2, 8), (4, 7, 9))
249: ((5, 2, 6), (4, 3, 8), (1, 7, 9))
250: ((1, 3, 2), (4, 8, 6), (5, 7, 9))
251: ((2, 5, 6), (1, 3, 8), (4, 9, 7))
252: ((1, 8, 2), (4, 6, 3), (5, 7, 9))
253: ((1, 2, 8), (4, 5, 3), (9, 6, 7))
254: ((2, 1, 6), (3, 5, 8), (4, 7, 9))
255: ((2, 5, 8), (1, 3, 7), (4, 9, 6))
256: ((5, 8, 2), (1, 6, 3), (4, 7, 9))
257: ((5, 8, 2), (4, 3, 6), (1, 7, 9))
258: ((1, 2, 8), (5, 3, 6), (9, 4, 7))
259: ((1, 2, 8), (5, 6, 3), (9, 4, 7))
260: ((2, 1, 8), (5, 3, 6), (9, 4, 7))
261: ((1, 3, 8), (5, 2, 6), (9, 4, 7))
262: ((1, 2, 8), (3, 5, 6), (9, 4, 7))
263: ((1, 2, 8), (3, 4, 6), (9, 5, 7))
264: ((2, 1, 8), (5, 6, 3), (9, 4, 7))
265: ((1, 3, 8), (2, 5, 6), (9, 4, 7))
266: ((1, 5, 8), (3, 2, 6), (9, 4, 7))
267: ((5, 2, 8), (1, 3, 6), (9, 4, 7))
268: ((5, 2, 8), (1, 6, 3), (9, 4, 7))
269: ((1, 2, 8), (5, 3, 7), (9, 4, 6))
270: ((1, 2, 8), (5, 4, 3), (9, 6, 7))
271: ((2, 1, 8), (3, 5, 6), (9, 4, 7))
272: ((5, 3, 8), (1, 2, 6), (9, 4, 7))
273: ((2, 1, 8), (5, 3, 7), (9, 4, 6))
274: ((1, 2, 8), (5, 4, 3), (9, 7, 6))
275: ((1, 3, 8), (5, 2, 7), (9, 4, 6))
276: ((1, 2, 8), (4, 5, 3), (9, 7, 6))
277: ((1, 2, 8), (5, 4, 6), (9, 3, 7))
278: ((1, 2, 8), (4, 5, 6), (9, 3, 7))
279: ((2, 1, 8), (5, 4, 6), (9, 3, 7))
280: ((2, 1, 8), (4, 5, 6), (9, 3, 7))
281: ((1, 2, 8), (5, 7, 3), (9, 4, 6))
282: ((1, 2, 8), (7, 5, 3), (9, 4, 6))
283: ((1, 2, 8), (5, 4, 6), (9, 7, 3))
284: ((1, 2, 8), (4, 5, 6), (9, 7, 3))
285: ((1, 5, 8), (6, 2, 3), (4, 7, 9))
286: ((2, 1, 8), (4, 6, 3), (5, 7, 9))
287: ((1, 2, 3), (4, 6, 8), (5, 7, 9))
288: ((1, 2, 8), (5, 4, 6), (7, 9, 3))
289: ((2, 5, 8), (1, 3, 6), (9, 4, 7))
290: ((4, 8, 2), (1, 3, 6), (5, 7, 9))
291: ((1, 5, 8), (2, 3, 6), (4, 7, 9))
292: ((5, 2, 8), (4, 6, 3), (1, 7, 9))
293: ((5, 3, 8), (4, 2, 6), (1, 7, 9))
294: ((2, 5, 6), (1, 3, 8), (4, 7, 9))
295: ((4, 3, 8), (1, 2, 6), (5, 7, 9))
296: ((1, 5, 8), (2, 6, 3), (4, 9, 7))
297: ((3, 2, 8), (4, 1, 6), (5, 9, 7))
298: ((3, 1, 8), (4, 2, 6), (7, 5, 9))
299: ((1, 8, 6), (4, 3, 2), (7, 5, 9))
300: ((2, 1, 6), (4, 3, 8), (7, 5, 9))
301: ((4, 2, 6), (1, 8, 3), (5, 9, 7))
302: ((4, 1, 8), (2, 3, 6), (5, 9, 7))
303: ((4, 1, 8), (2, 3, 6), (5, 7, 9))
304: ((1, 3, 8), (2, 4, 6), (5, 9, 7))
305: ((1, 3, 8), (2, 4, 6), (5, 7, 9))
306: ((2, 1, 8), (3, 4, 6), (7, 5, 9))
307: ((2, 3, 8), (4, 1, 6), (7, 5, 9))
308: ((1, 6, 8), (4, 2, 3), (7, 5, 9))
309: ((1, 2, 8), (3, 7, 6), (4, 5, 9))
310: ((1, 2, 6), (3, 8, 5), (4, 9, 7))
311: ((1, 2, 6), (3, 8, 5), (4, 7, 9))
312: ((1, 3, 6), (4, 2, 8), (7, 5, 9))
313: ((4, 2, 6), (1, 3, 8), (7, 5, 9))
314: ((1, 2, 6), (4, 8, 3), (7, 5, 9))
315: ((1, 8, 3), (4, 6, 2), (5, 9, 7))
316: ((1, 8, 2), (4, 7, 3), (5, 9, 6))
317: ((2, 1, 6), (4, 8, 3), (5, 9, 7))
318: ((1, 4, 8), (3, 2, 6), (5, 9, 7))
319: ((1, 4, 8), (3, 2, 6), (5, 7, 9))
320: ((1, 2, 6), (8, 5, 3), (4, 9, 7))
321: ((1, 2, 3), (8, 5, 6), (4, 9, 7))
322: ((1, 2, 6), (4, 5, 3), (8, 9, 7))
323: ((1, 2, 6), (8, 5, 3), (4, 7, 9))
324: ((1, 2, 8), (7, 3, 6), (5, 4, 9))
325: ((2, 1, 3), (4, 6, 8), (5, 9, 7))
326: ((2, 1, 8), (4, 7, 3), (5, 9, 6))
327: ((1, 2, 8), (7, 3, 6), (4, 5, 9))
328: ((1, 2, 6), (5, 8, 3), (7, 4, 9))
329: ((1, 4, 8), (3, 2, 6), (7, 5, 9))
330: ((1, 8, 2), (4, 3, 7), (5, 6, 9))
331: ((1, 8, 6), (3, 5, 2), (4, 9, 7))
332: ((1, 8, 6), (3, 5, 2), (4, 7, 9))
333: ((1, 8, 2), (3, 5, 7), (4, 9, 6))
334: ((1, 3, 2), (8, 5, 6), (4, 9, 7))
335: ((1, 3, 2), (4, 5, 6), (8, 9, 7))
336: ((1, 3, 2), (8, 5, 6), (4, 7, 9))
337: ((5, 2, 6), (4, 8, 3), (1, 9, 7))
338: ((1, 3, 8), (2, 4, 6), (7, 5, 9))
339: ((1, 2, 8), (3, 9, 6), (4, 7, 5))
340: ((1, 2, 8), (3, 9, 5), (4, 7, 6))
341: ((4, 1, 8), (2, 3, 6), (7, 5, 9))
342: ((1, 3, 8), (4, 5, 6), (2, 9, 7))
343: ((1, 3, 8), (4, 5, 6), (2, 7, 9))
344: ((4, 3, 8), (1, 2, 6), (7, 5, 9))
345: ((4, 8, 2), (1, 3, 6), (7, 5, 9))
346: ((2, 1, 8), (4, 6, 3), (7, 5, 9))
347: ((1, 2, 3), (4, 6, 8), (7, 5, 9))
348: ((1, 2, 8), (5, 4, 3), (7, 9, 6))
349: ((1, 5, 8), (2, 3, 6), (9, 4, 7))
350: ((1, 2, 8), (4, 3, 6), (9, 7, 5))
351: ((1, 2, 8), (4, 3, 5), (9, 7, 6))
352: ((1, 2, 8), (4, 3, 6), (7, 9, 5))
353: ((1, 8, 2), (4, 3, 9), (5, 7, 6))
354: ((2, 1, 8), (4, 3, 9), (5, 7, 6))
355: ((1, 4, 8), (5, 2, 6), (9, 3, 7))
356: ((1, 8, 2), (4, 3, 9), (7, 5, 6))
357: ((2, 1, 8), (4, 3, 9), (7, 5, 6))
358: ((2, 1, 8), (4, 3, 7), (5, 6, 9))
359: ((2, 1, 8), (3, 4, 6), (9, 5, 7))
360: ((1, 2, 8), (3, 5, 7), (9, 4, 6))
361: ((1, 2, 8), (3, 4, 7), (9, 5, 6))
362: ((1, 3, 8), (2, 4, 6), (9, 5, 7))
363: ((1, 5, 2), (3, 8, 6), (4, 9, 7))
364: ((1, 5, 2), (3, 8, 6), (4, 7, 9))
365: ((1, 3, 8), (5, 4, 6), (9, 2, 7))
366: ((1, 3, 8), (4, 5, 6), (9, 2, 7))
367: ((1, 3, 8), (4, 2, 7), (5, 6, 9))
368: ((1, 2, 8), (6, 3, 5), (4, 9, 7))
369: ((1, 2, 8), (6, 3, 5), (4, 7, 9))
370: ((1, 8, 2), (5, 3, 6), (9, 4, 7))
371: ((1, 8, 2), (5, 6, 3), (9, 4, 7))
372: ((1, 8, 2), (3, 5, 6), (9, 4, 7))
373: ((1, 3, 8), (4, 2, 9), (5, 7, 6))
374: ((1, 8, 2), (3, 4, 6), (9, 5, 7))
375: ((1, 3, 8), (4, 2, 9), (7, 5, 6))
376: ((1, 5, 8), (2, 3, 7), (4, 9, 6))
377: ((1, 2, 8), (4, 7, 3), (5, 6, 9))
378: ((1, 8, 2), (4, 6, 3), (7, 5, 9))
379: ((1, 2, 8), (4, 7, 6), (5, 9, 3))
380: ((1, 3, 2), (4, 8, 6), (7, 5, 9))
381: ((1, 5, 6), (2, 3, 8), (4, 9, 7))
382: ((2, 5, 6), (1, 8, 3), (4, 9, 7))
383: ((1, 3, 8), (4, 6, 2), (7, 5, 9))
384: ((1, 8, 3), (4, 2, 6), (7, 5, 9))
385: ((4, 2, 8), (1, 6, 3), (7, 5, 9))
386: ((1, 8, 2), (5, 6, 3), (7, 4, 9))
387: ((1, 8, 6), (2, 5, 3), (4, 9, 7))
388: ((2, 3, 8), (4, 5, 6), (1, 9, 7))
389: ((2, 5, 8), (4, 6, 3), (1, 9, 7))
390: ((4, 2, 8), (1, 3, 9), (5, 7, 6))
391: ((4, 2, 8), (1, 3, 9), (7, 5, 6))
392: ((3, 1, 8), (5, 2, 9), (4, 7, 6))
393: ((1, 2, 8), (5, 9, 3), (4, 7, 6))
394: ((1, 2, 8), (4, 9, 3), (5, 7, 6))
395: ((1, 2, 8), (4, 9, 3), (7, 5, 6))
396: ((2, 3, 8), (5, 1, 9), (4, 7, 6))
397: ((2, 3, 8), (1, 4, 6), (5, 9, 7))
398: ((2, 3, 8), (5, 1, 6), (7, 4, 9))
399: ((2, 8, 3), (5, 1, 6), (4, 9, 7))
400: ((2, 8, 3), (1, 5, 6), (4, 9, 7))
401: ((2, 8, 3), (5, 1, 6), (4, 7, 9))
402: ((2, 8, 3), (4, 1, 6), (5, 9, 7))
403: ((4, 3, 6), (1, 2, 8), (5, 9, 7))
404: ((4, 2, 8), (1, 3, 7), (5, 6, 9))
405: ((5, 2, 8), (1, 6, 3), (7, 4, 9))
406: ((1, 3, 6), (5, 2, 8), (7, 4, 9))
407: ((5, 2, 8), (4, 3, 9), (1, 7, 6))
408: ((1, 6, 8), (5, 2, 3), (7, 4, 9))
409: ((4, 6, 8), (1, 2, 3), (5, 9, 7))
410: ((2, 1, 6), (5, 3, 8), (7, 4, 9))
411: ((1, 6, 8), (5, 3, 2), (4, 9, 7))
412: ((1, 6, 8), (5, 3, 2), (4, 7, 9))
413: ((1, 6, 8), (4, 3, 2), (5, 9, 7))
414: ((5, 3, 8), (1, 2, 6), (7, 4, 9))
415: ((5, 2, 8), (1, 7, 3), (4, 6, 9))
416: ((1, 6, 3), (5, 2, 8), (4, 9, 7))
417: ((1, 6, 3), (5, 2, 8), (4, 7, 9))
418: ((1, 6, 3), (4, 2, 8), (5, 9, 7))
419: ((5, 2, 8), (4, 7, 3), (1, 9, 6))
420: ((5, 2, 8), (1, 7, 6), (4, 9, 3))
421: ((1, 6, 3), (2, 5, 8), (4, 9, 7))
422: ((1, 8, 2), (5, 7, 6), (4, 9, 3))
423: ((1, 8, 2), (5, 7, 3), (4, 6, 9))
424: ((5, 3, 8), (1, 2, 9), (4, 7, 6))
425: ((1, 3, 6), (5, 8, 2), (4, 9, 7))
426: ((1, 3, 6), (5, 8, 2), (4, 7, 9))
427: ((1, 3, 6), (4, 8, 2), (5, 9, 7))
428: ((1, 2, 8), (3, 4, 9), (5, 7, 6))
429: ((1, 2, 8), (3, 4, 9), (7, 5, 6))
430: ((2, 8, 6), (5, 1, 3), (4, 9, 7))
431: ((1, 2, 6), (3, 5, 8), (7, 4, 9))
432: ((3, 1, 8), (5, 2, 6), (7, 4, 9))
433: ((1, 2, 8), (5, 9, 6), (4, 7, 3))
434: ((1, 2, 8), (5, 9, 3), (7, 4, 6))
435: ((1, 2, 6), (5, 9, 3), (4, 8, 7))
436: ((1, 2, 3), (5, 9, 6), (4, 8, 7))
437: ((1, 2, 6), (4, 9, 3), (5, 8, 7))
438: ((1, 5, 8), (3, 2, 6), (7, 4, 9))
439: ((1, 2, 6), (5, 3, 9), (4, 7, 8))
440: ((1, 2, 6), (4, 3, 9), (5, 7, 8))
441: ((1, 2, 6), (4, 3, 9), (7, 5, 8))
442: ((4, 5, 8), (1, 2, 6), (3, 9, 7))
443: ((1, 5, 8), (3, 2, 9), (4, 7, 6))
444: ((1, 2, 6), (5, 3, 9), (7, 4, 8))
445: ((1, 2, 8), (4, 5, 9), (3, 7, 6))
446: ((1, 2, 8), (4, 6, 5), (3, 9, 7))
447: ((1, 2, 8), (4, 6, 5), (3, 7, 9))
448: ((1, 2, 8), (5, 9, 6), (4, 3, 7))
449: ((1, 2, 8), (4, 9, 6), (5, 3, 7))
450: ((2, 1, 8), (5, 9, 6), (4, 3, 7))
451: ((2, 1, 8), (4, 9, 6), (5, 3, 7))
452: ((4, 2, 8), (1, 9, 6), (5, 3, 7))
453: ((5, 2, 8), (1, 9, 6), (4, 3, 7))
454: ((5, 2, 8), (4, 9, 6), (1, 3, 7))
455: ((1, 2, 8), (5, 6, 9), (4, 3, 7))
456: ((1, 2, 8), (4, 6, 9), (5, 3, 7))
457: ((1, 2, 8), (5, 9, 7), (4, 3, 6))
458: ((1, 2, 8), (4, 9, 7), (5, 3, 6))
459: ((2, 1, 8), (5, 6, 9), (4, 3, 7))
460: ((2, 1, 8), (5, 9, 7), (4, 3, 6))
461: ((1, 2, 8), (4, 9, 6), (5, 7, 3))
462: ((1, 2, 8), (4, 9, 6), (7, 5, 3))
463: ((2, 1, 8), (5, 9, 6), (4, 7, 3))
464: ((2, 1, 8), (5, 9, 3), (4, 7, 6))
465: ((5, 2, 8), (1, 9, 6), (4, 7, 3))
466: ((5, 2, 8), (1, 9, 3), (4, 7, 6))
467: ((1, 2, 8), (5, 6, 9), (4, 7, 3))
468: ((2, 5, 8), (1, 9, 6), (4, 3, 7))
469: ((2, 1, 8), (4, 6, 9), (5, 3, 7))
470: ((2, 1, 8), (4, 9, 7), (5, 3, 6))
471: ((2, 1, 8), (4, 9, 6), (5, 7, 3))
472: ((1, 2, 8), (4, 6, 9), (5, 7, 3))
473: ((1, 5, 8), (2, 9, 6), (4, 3, 7))
474: ((1, 2, 8), (5, 9, 7), (4, 6, 3))
475: ((2, 1, 8), (4, 9, 3), (5, 7, 6))
476: ((2, 1, 8), (4, 9, 6), (7, 5, 3))
477: ((1, 2, 8), (4, 6, 9), (7, 5, 3))
478: ((1, 2, 8), (4, 9, 7), (5, 6, 3))
479: ((1, 2, 8), (5, 3, 9), (4, 6, 7))
480: ((1, 8, 2), (5, 9, 6), (4, 3, 7))
481: ((1, 8, 2), (4, 9, 6), (5, 3, 7))
482: ((1, 8, 2), (5, 9, 6), (4, 7, 3))
483: ((1, 8, 2), (5, 9, 3), (4, 7, 6))
484: ((1, 2, 8), (4, 3, 9), (5, 6, 7))
485: ((1, 8, 2), (4, 9, 6), (5, 7, 3))
486: ((1, 8, 2), (4, 9, 3), (5, 7, 6))
487: ((1, 8, 2), (4, 9, 6), (7, 5, 3))
488: ((4, 2, 8), (1, 9, 6), (5, 7, 3))
489: ((4, 2, 8), (1, 9, 3), (5, 7, 6))
490: ((4, 2, 8), (1, 9, 6), (7, 5, 3))
491: ((1, 2, 8), (5, 6, 9), (7, 4, 3))
492: ((2, 5, 8), (4, 9, 6), (1, 3, 7))
493: ((4, 8, 2), (1, 9, 6), (5, 3, 7))
494: ((1, 8, 2), (5, 9, 6), (7, 4, 3))
495: ((1, 8, 2), (5, 9, 3), (7, 4, 6))
496: ((5, 2, 8), (4, 9, 6), (1, 7, 3))
497: ((5, 2, 8), (4, 9, 3), (1, 7, 6))
498: ((4, 2, 8), (1, 9, 7), (5, 3, 6))
499: ((4, 2, 8), (1, 6, 9), (5, 3, 7))
500: ((1, 2, 8), (6, 5, 9), (4, 3, 7))
501: ((4, 2, 8), (1, 6, 5), (3, 9, 7))
502: ((1, 2, 6), (5, 9, 8), (4, 3, 7))
503: ((1, 2, 6), (4, 9, 8), (5, 3, 7))
504: ((2, 1, 6), (5, 9, 8), (4, 3, 7))
505: ((1, 2, 6), (5, 9, 8), (4, 7, 3))
506: ((2, 1, 6), (4, 9, 8), (5, 3, 7))
507: ((1, 2, 6), (4, 9, 8), (5, 7, 3))
508: ((1, 2, 6), (5, 9, 3), (4, 7, 8))
509: ((1, 2, 6), (4, 9, 8), (7, 5, 3))
510: ((1, 2, 8), (3, 6, 5), (7, 4, 9))
511: ((1, 3, 8), (5, 6, 2), (7, 4, 9))
512: ((4, 3, 8), (1, 6, 2), (5, 9, 7))
513: ((1, 8, 6), (4, 2, 3), (5, 7, 9))
514: ((2, 5, 8), (1, 3, 9), (4, 7, 6))
515: ((1, 3, 8), (6, 5, 2), (4, 9, 7))
516: ((1, 3, 8), (6, 5, 2), (4, 7, 9))
517: ((1, 6, 2), (5, 3, 8), (4, 9, 7))
518: ((1, 6, 2), (5, 3, 8), (4, 7, 9))
519: ((1, 6, 2), (4, 3, 8), (5, 9, 7))
520: ((1, 6, 2), (5, 8, 3), (4, 9, 7))
521: ((1, 6, 2), (4, 3, 8), (5, 7, 9))
522: ((1, 6, 2), (5, 8, 3), (4, 7, 9))
523: ((1, 6, 2), (3, 5, 8), (4, 9, 7))
524: ((1, 6, 2), (3, 5, 8), (4, 7, 9))
525: ((1, 6, 2), (4, 3, 8), (7, 5, 9))
526: ((1, 6, 2), (4, 8, 3), (5, 9, 7))
527: ((1, 3, 8), (2, 5, 9), (4, 7, 6))
528: ((1, 3, 8), (2, 5, 6), (7, 4, 9))
529: ((4, 8, 6), (1, 3, 2), (5, 9, 7))
530: ((1, 8, 6), (5, 3, 2), (7, 4, 9))
531: ((4, 1, 8), (5, 2, 6), (9, 3, 7))
532: ((1, 4, 8), (2, 5, 6), (9, 3, 7))
533: ((1, 8, 3), (5, 2, 6), (7, 4, 9))
534: ((4, 8, 3), (1, 2, 6), (5, 9, 7))
535: ((4, 2, 8), (1, 5, 3), (6, 9, 7))
536: ((1, 5, 8), (4, 2, 3), (6, 9, 7))
537: ((4, 2, 8), (1, 3, 6), (9, 7, 5))
538: ((1, 2, 8), (4, 6, 3), (9, 7, 5))
539: ((4, 2, 8), (5, 6, 3), (1, 9, 7))
540: ((1, 5, 8), (3, 2, 7), (4, 6, 9))
541: ((4, 3, 8), (1, 5, 6), (2, 9, 7))
542: ((2, 1, 8), (5, 6, 3), (7, 4, 9))
543: ((2, 1, 8), (4, 6, 3), (9, 5, 7))
544: ((1, 2, 8), (3, 9, 6), (7, 4, 5))
545: ((5, 8, 2), (1, 3, 6), (7, 4, 9))
546: ((2, 1, 8), (5, 7, 3), (4, 6, 9))
547: ((4, 3, 8), (1, 2, 6), (9, 5, 7))
548: ((2, 1, 8), (5, 7, 6), (4, 9, 3))
549: ((2, 1, 8), (3, 5, 9), (4, 7, 6))
550: ((5, 3, 8), (1, 2, 7), (4, 6, 9))
551: ((1, 2, 3), (8, 5, 6), (4, 7, 9))
552: ((1, 2, 8), (3, 5, 9), (7, 4, 6))
553: ((5, 3, 8), (4, 2, 7), (1, 9, 6))
554: ((1, 2, 3), (4, 5, 6), (8, 9, 7))
555: ((5, 3, 6), (4, 2, 8), (1, 9, 7))
556: ((1, 8, 6), (3, 2, 5), (4, 9, 7))
557: ((1, 8, 2), (3, 5, 7), (4, 6, 9))
558: ((2, 1, 8), (3, 5, 6), (7, 4, 9))
559: ((4, 3, 2), (1, 8, 6), (5, 9, 7))
560: ((1, 3, 2), (5, 8, 9), (4, 7, 6))
561: ((1, 3, 2), (5, 8, 6), (7, 4, 9))
562: ((5, 2, 6), (1, 3, 8), (7, 4, 9))
563: ((1, 2, 8), (7, 6, 3), (5, 4, 9))
564: ((1, 2, 8), (7, 3, 9), (5, 4, 6))
565: ((5, 1, 8), (2, 3, 6), (4, 9, 7))
566: ((5, 1, 8), (2, 3, 6), (4, 7, 9))
567: ((5, 1, 8), (2, 6, 3), (4, 9, 7))
568: ((5, 1, 8), (2, 6, 3), (4, 7, 9))
569: ((5, 1, 8), (4, 3, 6), (2, 9, 7))
570: ((1, 5, 8), (4, 3, 6), (2, 9, 7))
571: ((5, 1, 8), (4, 3, 6), (2, 7, 9))
572: ((4, 8, 2), (1, 3, 7), (5, 9, 6))
573: ((1, 3, 2), (5, 9, 6), (4, 8, 7))
574: ((1, 3, 2), (4, 9, 6), (5, 8, 7))
575: ((5, 2, 8), (4, 3, 7), (1, 6, 9))
576: ((1, 2, 8), (3, 7, 9), (4, 5, 6))
577: ((5, 2, 8), (1, 3, 9), (7, 4, 6))
578: ((2, 1, 8), (3, 5, 7), (4, 6, 9))
579: ((1, 5, 8), (7, 2, 3), (4, 9, 6))
580: ((1, 5, 8), (4, 2, 3), (7, 9, 6))
581: ((4, 2, 8), (1, 6, 3), (9, 5, 7))
582: ((4, 1, 8), (2, 6, 3), (5, 9, 7))
583: ((1, 3, 2), (5, 8, 7), (4, 9, 6))
584: ((1, 2, 3), (5, 8, 7), (4, 9, 6))
585: ((1, 3, 2), (4, 8, 7), (5, 9, 6))
586: ((1, 2, 8), (5, 9, 3), (4, 6, 7))
587: ((1, 2, 8), (4, 9, 3), (5, 6, 7))
588: ((2, 1, 8), (5, 9, 3), (4, 6, 7))
589: ((2, 1, 8), (4, 9, 3), (5, 6, 7))
590: ((5, 8, 2), (4, 6, 3), (1, 9, 7))
591: ((1, 2, 8), (7, 4, 3), (5, 9, 6))
592: ((5, 8, 2), (1, 3, 9), (4, 7, 6))
593: ((5, 3, 2), (1, 8, 6), (4, 9, 7))
594: ((5, 3, 2), (1, 8, 6), (4, 7, 9))
595: ((4, 8, 2), (1, 6, 3), (5, 9, 7))
596: ((2, 3, 8), (1, 5, 6), (9, 4, 7))
597: ((4, 2, 8), (1, 7, 3), (5, 9, 6))
598: ((1, 8, 2), (5, 3, 9), (7, 4, 6))
599: ((4, 2, 8), (1, 9, 3), (5, 6, 7))
600: ((2, 5, 8), (1, 6, 3), (9, 4, 7))
601: ((5, 2, 3), (1, 8, 6), (4, 7, 9))
602: ((5, 3, 2), (4, 8, 6), (1, 9, 7))
603: ((1, 2, 3), (4, 8, 7), (5, 9, 6))
604: ((1, 2, 3), (5, 9, 8), (4, 6, 7))
605: ((1, 2, 3), (5, 9, 8), (4, 7, 6))
606: ((1, 2, 3), (4, 9, 8), (5, 6, 7))
607: ((1, 2, 3), (5, 7, 8), (4, 9, 6))
608: ((1, 2, 3), (7, 5, 8), (4, 9, 6))
609: ((1, 2, 3), (4, 5, 8), (7, 9, 6))
610: ((1, 2, 3), (4, 7, 8), (5, 9, 6))
611: ((5, 2, 3), (4, 8, 6), (1, 9, 7))
612: ((4, 1, 8), (3, 2, 6), (5, 9, 7))
613: ((1, 2, 3), (5, 7, 6), (4, 9, 8))
614: ((1, 2, 3), (5, 7, 8), (4, 6, 9))
615: ((1, 3, 2), (5, 8, 7), (4, 6, 9))
616: ((1, 2, 3), (5, 7, 6), (4, 8, 9))
617: ((1, 5, 6), (8, 2, 3), (4, 9, 7))
618: ((1, 2, 3), (5, 8, 7), (4, 6, 9))
619: ((1, 2, 8), (5, 7, 6), (9, 4, 3))
620: ((5, 8, 3), (1, 2, 6), (4, 9, 7))
621: ((5, 8, 3), (1, 2, 6), (4, 7, 9))
622: ((1, 2, 3), (4, 9, 6), (5, 8, 7))
623: ((5, 8, 6), (1, 2, 3), (4, 9, 7))
624: ((5, 8, 3), (4, 2, 6), (1, 9, 7))
625: ((4, 3, 8), (1, 2, 7), (5, 9, 6))
626: ((4, 2, 8), (1, 5, 6), (9, 3, 7))
627: ((1, 5, 8), (4, 2, 6), (9, 3, 7))
628: ((5, 1, 8), (4, 6, 3), (2, 9, 7))
629: ((2, 5, 8), (1, 3, 6), (7, 4, 9))
630: ((2, 1, 8), (5, 3, 9), (7, 4, 6))
631: ((5, 1, 8), (2, 3, 9), (4, 7, 6))
632: ((5, 1, 8), (2, 3, 6), (7, 4, 9))
633: ((1, 8, 3), (5, 2, 7), (4, 9, 6))
634: ((1, 8, 3), (4, 2, 7), (5, 9, 6))
635: ((1, 3, 8), (2, 5, 7), (4, 6, 9))
636: ((1, 3, 8), (2, 5, 7), (9, 4, 6))
637: ((1, 8, 3), (2, 5, 7), (4, 9, 6))
638: ((1, 8, 3), (5, 2, 7), (4, 6, 9))
639: ((5, 1, 8), (3, 2, 6), (4, 9, 7))
640: ((5, 1, 8), (3, 2, 6), (4, 7, 9))
641: ((4, 2, 3), (1, 8, 6), (5, 9, 7))
642: ((1, 2, 3), (5, 8, 9), (4, 7, 6))
643: ((1, 2, 3), (5, 8, 6), (7, 4, 9))
644: ((1, 2, 8), (6, 5, 3), (7, 4, 9))
645: ((1, 2, 3), (6, 5, 8), (4, 9, 7))
646: ((1, 2, 3), (6, 5, 8), (4, 7, 9))
647: ((1, 3, 2), (5, 6, 8), (4, 9, 7))
648: ((1, 3, 2), (5, 6, 8), (4, 7, 9))
649: ((1, 3, 2), (4, 6, 8), (5, 9, 7))
650: ((1, 8, 2), (3, 6, 5), (4, 9, 7))
651: ((1, 8, 2), (3, 6, 5), (4, 7, 9))
652: ((1, 5, 3), (6, 2, 8), (4, 9, 7))
653: ((1, 8, 2), (3, 5, 6), (7, 4, 9))
654: ((5, 2, 3), (1, 6, 8), (4, 9, 7))
655: ((5, 2, 3), (1, 6, 8), (4, 7, 9))
656: ((1, 8, 3), (5, 2, 6), (9, 4, 7))
657: ((1, 2, 3), (5, 8, 6), (9, 4, 7))
658: ((5, 2, 3), (4, 6, 8), (1, 9, 7))
659: ((1, 8, 6), (5, 2, 3), (9, 4, 7))
660: ((1, 8, 3), (2, 5, 6), (9, 4, 7))
661: ((1, 2, 3), (5, 6, 8), (9, 4, 7))
662: ((1, 2, 8), (6, 5, 3), (9, 4, 7))
663: ((1, 2, 8), (6, 4, 3), (9, 5, 7))
664: ((1, 8, 6), (5, 2, 3), (7, 4, 9))
665: ((1, 8, 2), (3, 5, 9), (4, 7, 6))
666: ((1, 5, 8), (6, 2, 3), (9, 4, 7))
667: ((1, 2, 6), (5, 3, 8), (9, 4, 7))
668: ((1, 2, 6), (5, 8, 3), (9, 4, 7))
669: ((2, 1, 6), (5, 3, 8), (9, 4, 7))
670: ((1, 3, 6), (5, 2, 8), (9, 4, 7))
671: ((1, 2, 6), (5, 4, 3), (9, 8, 7))
672: ((1, 2, 6), (4, 5, 3), (9, 8, 7))
673: ((1, 2, 6), (3, 5, 8), (9, 4, 7))
674: ((2, 1, 6), (5, 8, 3), (9, 4, 7))
675: ((1, 2, 6), (3, 4, 8), (9, 5, 7))
676: ((4, 8, 6), (1, 2, 3), (5, 9, 7))
677: ((1, 2, 8), (3, 6, 5), (9, 4, 7))
678: ((1, 3, 6), (2, 5, 8), (9, 4, 7))
679: ((1, 5, 6), (3, 2, 8), (9, 4, 7))
680: ((1, 2, 8), (5, 3, 6), (9, 7, 4))
681: ((1, 2, 8), (5, 3, 6), (7, 9, 4))
682: ((1, 2, 8), (5, 6, 3), (9, 7, 4))
683: ((2, 1, 8), (5, 3, 6), (9, 7, 4))
684: ((1, 3, 8), (5, 2, 6), (9, 7, 4))
685: ((1, 2, 8), (5, 3, 4), (9, 7, 6))
686: ((1, 2, 8), (5, 6, 3), (7, 9, 4))
687: ((2, 1, 8), (5, 3, 6), (7, 9, 4))
688: ((1, 3, 8), (5, 2, 6), (7, 9, 4))
689: ((1, 2, 8), (5, 3, 4), (7, 9, 6))
690: ((1, 2, 8), (3, 5, 6), (9, 7, 4))
691: ((1, 2, 8), (3, 5, 6), (7, 9, 4))
692: ((2, 1, 8), (5, 6, 3), (9, 7, 4))
693: ((1, 3, 8), (2, 5, 6), (9, 7, 4))
694: ((1, 5, 8), (3, 2, 6), (9, 7, 4))
695: ((2, 5, 8), (1, 3, 7), (4, 6, 9))
696: ((1, 2, 3), (5, 6, 8), (7, 4, 9))
697: ((1, 3, 2), (5, 8, 6), (9, 4, 7))
698: ((1, 3, 2), (5, 4, 6), (9, 8, 7))
699: ((1, 3, 2), (4, 5, 6), (9, 8, 7))
700: ((1, 2, 3), (5, 4, 6), (9, 8, 7))
701: ((1, 6, 2), (5, 3, 8), (7, 4, 9))
702: ((4, 6, 2), (1, 3, 8), (5, 9, 7))
703: ((1, 5, 8), (3, 2, 7), (9, 4, 6))
704: ((1, 3, 8), (2, 6, 5), (4, 9, 7))
705: ((1, 3, 8), (2, 6, 5), (4, 7, 9))
706: ((1, 8, 3), (5, 2, 9), (4, 7, 6))
707: ((2, 5, 8), (4, 3, 7), (1, 9, 6))
708: ((1, 3, 8), (6, 2, 5), (4, 9, 7))
709: ((1, 4, 8), (2, 3, 6), (5, 9, 7))
710: ((2, 5, 6), (4, 3, 8), (1, 9, 7))
711: ((1, 2, 3), (4, 8, 6), (5, 7, 9))
712: ((2, 3, 8), (1, 5, 7), (4, 9, 6))
713: ((2, 3, 6), (1, 5, 8), (4, 9, 7))
714: ((1, 3, 8), (5, 2, 9), (7, 4, 6))
715: ((1, 2, 6), (5, 9, 8), (7, 4, 3))
716: ((1, 2, 8), (9, 5, 6), (4, 3, 7))
717: ((1, 5, 8), (9, 2, 6), (4, 3, 7))
718: ((1, 2, 8), (9, 3, 6), (4, 5, 7))
719: ((2, 1, 8), (9, 5, 6), (4, 3, 7))
720: ((1, 2, 8), (9, 5, 6), (4, 7, 3))
721: ((1, 2, 8), (9, 5, 3), (4, 7, 6))
722: ((5, 2, 8), (1, 9, 6), (7, 4, 3))
723: ((5, 2, 8), (1, 9, 3), (7, 4, 6))
724: ((2, 1, 8), (5, 9, 6), (7, 4, 3))
725: ((1, 2, 8), (5, 9, 6), (7, 4, 3))
726: ((2, 1, 8), (5, 9, 3), (7, 4, 6))
727: ((1, 2, 8), (9, 6, 5), (4, 3, 7))
728: ((1, 2, 8), (9, 6, 3), (4, 5, 7))
729: ((2, 1, 8), (9, 3, 6), (4, 5, 7))
730: ((1, 5, 8), (9, 2, 6), (4, 7, 3))
731: ((1, 5, 8), (9, 2, 3), (4, 7, 6))
732: ((1, 2, 8), (9, 5, 6), (7, 4, 3))
733: ((1, 2, 8), (9, 5, 3), (7, 4, 6))
734: ((4, 2, 3), (1, 6, 8), (5, 9, 7))
735: ((4, 2, 6), (1, 9, 8), (5, 3, 7))
736: ((1, 2, 6), (5, 8, 9), (4, 3, 7))
737: ((1, 2, 6), (4, 8, 9), (5, 3, 7))
738: ((1, 2, 6), (5, 3, 9), (4, 8, 7))
739: ((1, 5, 8), (6, 2, 9), (4, 3, 7))
740: ((1, 2, 8), (6, 3, 9), (4, 5, 7))
741: ((1, 8, 2), (6, 5, 3), (4, 9, 7))
742: ((1, 8, 2), (6, 5, 3), (4, 7, 9))
743: ((2, 1, 8), (5, 3, 9), (4, 6, 7))
744: ((1, 8, 2), (5, 6, 9), (4, 3, 7))
745: ((1, 8, 2), (4, 6, 9), (5, 3, 7))
746: ((1, 3, 8), (5, 2, 9), (4, 6, 7))
747: ((5, 8, 2), (1, 9, 6), (4, 3, 7))
748: ((5, 8, 2), (4, 9, 6), (1, 3, 7))
749: ((2, 1, 8), (5, 9, 7), (4, 6, 3))
750: ((3, 2, 8), (1, 5, 6), (4, 7, 9))
751: ((3, 1, 8), (5, 2, 7), (4, 9, 6))
752: ((3, 1, 8), (4, 2, 7), (5, 9, 6))
753: ((3, 1, 8), (2, 5, 7), (4, 9, 6))
754: ((3, 1, 8), (5, 2, 7), (4, 6, 9))
755: ((5, 2, 8), (1, 9, 7), (4, 3, 6))
756: ((5, 2, 8), (4, 9, 7), (1, 3, 6))
757: ((5, 2, 8), (1, 6, 9), (4, 3, 7))
758: ((5, 2, 8), (4, 6, 9), (1, 3, 7))
759: ((4, 2, 8), (5, 9, 6), (1, 3, 7))
760: ((1, 2, 8), (4, 3, 7), (9, 5, 6))
761: ((4, 2, 8), (1, 3, 7), (9, 5, 6))
762: ((1, 2, 8), (3, 7, 5), (4, 9, 6))
763: ((1, 2, 8), (3, 7, 5), (4, 6, 9))
764: ((1, 2, 8), (3, 9, 7), (4, 5, 6))
765: ((1, 3, 8), (5, 9, 6), (4, 2, 7))
766: ((1, 3, 8), (4, 9, 6), (5, 2, 7))
767: ((1, 8, 3), (5, 9, 6), (4, 2, 7))
768: ((1, 8, 3), (4, 9, 6), (5, 2, 7))
769: ((4, 3, 8), (1, 9, 6), (5, 2, 7))
770: ((1, 8, 6), (5, 9, 3), (4, 2, 7))
771: ((2, 3, 8), (5, 1, 7), (4, 9, 6))
772: ((2, 3, 8), (4, 1, 7), (5, 9, 6))
773: ((2, 3, 8), (5, 1, 7), (4, 6, 9))
774: ((2, 1, 6), (5, 9, 3), (4, 8, 7))
775: ((2, 8, 6), (1, 5, 3), (4, 9, 7))
776: ((2, 1, 6), (5, 3, 9), (4, 7, 8))
777: ((1, 3, 8), (2, 9, 6), (4, 5, 7))
778: ((5, 6, 8), (1, 2, 3), (4, 9, 7))
779: ((5, 6, 8), (1, 2, 3), (4, 7, 9))
780: ((5, 6, 8), (4, 2, 3), (1, 9, 7))
781: ((2, 8, 3), (1, 5, 6), (4, 7, 9))
782: ((2, 5, 8), (3, 1, 6), (4, 9, 7))
783: ((2, 5, 8), (3, 1, 6), (4, 7, 9))
784: ((2, 3, 8), (1, 5, 6), (7, 4, 9))
785: ((1, 2, 8), (3, 4, 7), (5, 9, 6))
786: ((1, 2, 8), (3, 4, 7), (5, 6, 9))
787: ((2, 3, 8), (1, 5, 9), (4, 7, 6))
788: ((1, 2, 6), (4, 3, 8), (9, 5, 7))
789: ((1, 2, 6), (4, 8, 3), (9, 5, 7))
790: ((4, 2, 6), (1, 3, 8), (9, 5, 7))
791: ((2, 1, 8), (5, 4, 6), (3, 9, 7))
792: ((1, 3, 6), (5, 2, 9), (4, 7, 8))
793: ((2, 1, 6), (4, 3, 8), (9, 5, 7))
794: ((1, 3, 6), (4, 2, 8), (9, 5, 7))
795: ((2, 1, 8), (3, 4, 7), (5, 9, 6))
796: ((1, 2, 8), (4, 5, 7), (3, 9, 6))
797: ((4, 2, 8), (1, 5, 7), (3, 9, 6))
798: ((1, 5, 8), (4, 2, 7), (3, 9, 6))
799: ((1, 2, 8), (4, 5, 7), (3, 6, 9))
800: ((1, 2, 8), (4, 9, 6), (3, 5, 7))
801: ((4, 2, 8), (1, 9, 6), (3, 5, 7))
802: ((2, 1, 8), (4, 5, 7), (3, 9, 6))
803: ((1, 2, 8), (5, 4, 7), (3, 9, 6))
804: ((2, 1, 8), (4, 9, 6), (3, 5, 7))
805: ((1, 8, 2), (7, 5, 3), (4, 6, 9))
806: ((1, 8, 2), (4, 5, 3), (7, 6, 9))
807: ((1, 2, 6), (3, 9, 8), (4, 5, 7))
808: ((2, 3, 8), (1, 9, 6), (4, 5, 7))
809: ((2, 3, 8), (1, 5, 7), (4, 6, 9))
810: ((2, 1, 6), (3, 9, 8), (4, 5, 7))
811: ((2, 1, 8), (4, 6, 5), (3, 9, 7))
812: ((1, 9, 8), (5, 2, 6), (4, 3, 7))
813: ((1, 9, 8), (4, 2, 6), (5, 3, 7))
814: ((1, 9, 8), (2, 5, 6), (4, 3, 7))
815: ((1, 9, 8), (5, 2, 6), (4, 7, 3))
816: ((1, 9, 8), (5, 2, 3), (4, 7, 6))
817: ((1, 9, 8), (4, 2, 6), (5, 7, 3))
818: ((1, 9, 8), (4, 2, 3), (5, 7, 6))
819: ((1, 9, 8), (4, 2, 6), (7, 5, 3))
820: ((1, 9, 8), (5, 3, 6), (4, 2, 7))
821: ((1, 9, 8), (4, 3, 6), (5, 2, 7))
822: ((4, 9, 8), (1, 2, 6), (5, 3, 7))
823: ((1, 9, 8), (2, 3, 6), (4, 5, 7))
824: ((1, 9, 8), (2, 5, 6), (4, 7, 3))
825: ((1, 9, 8), (2, 5, 3), (4, 7, 6))
826: ((1, 9, 8), (5, 2, 6), (7, 4, 3))
827: ((1, 9, 8), (5, 2, 3), (7, 4, 6))
828: ((1, 9, 8), (5, 6, 3), (4, 2, 7))
829: ((1, 9, 8), (5, 2, 7), (4, 3, 6))
830: ((1, 9, 8), (4, 2, 7), (5, 3, 6))
831: ((1, 9, 8), (2, 5, 7), (4, 3, 6))
832: ((2, 9, 8), (1, 5, 6), (4, 3, 7))
833: ((5, 9, 8), (1, 2, 6), (4, 3, 7))
834: ((5, 9, 8), (4, 2, 6), (1, 3, 7))
835: ((1, 3, 8), (5, 9, 7), (4, 2, 6))
836: ((1, 3, 8), (4, 9, 7), (5, 2, 6))
837: ((1, 3, 8), (5, 6, 9), (4, 2, 7))
838: ((1, 3, 8), (4, 6, 9), (5, 2, 7))
839: ((5, 3, 8), (1, 9, 6), (4, 2, 7))
840: ((5, 3, 8), (4, 9, 6), (1, 2, 7))
841: ((2, 1, 8), (3, 9, 7), (4, 5, 6))
842: ((1, 8, 2), (7, 5, 6), (4, 9, 3))
843: ((1, 8, 2), (4, 5, 6), (7, 9, 3))
844: ((1, 3, 8), (4, 2, 7), (9, 5, 6))
845: ((2, 1, 8), (3, 7, 5), (4, 9, 6))
846: ((5, 3, 8), (1, 6, 2), (4, 9, 7))
847: ((5, 3, 8), (1, 6, 2), (4, 7, 9))
848: ((5, 3, 8), (4, 6, 2), (1, 9, 7))
849: ((5, 8, 2), (1, 3, 6), (9, 4, 7))
850: ((5, 8, 2), (1, 6, 3), (9, 4, 7))
851: ((2, 1, 8), (4, 3, 7), (9, 5, 6))
852: ((2, 1, 8), (5, 6, 9), (4, 7, 3))
853: ((1, 8, 2), (5, 3, 7), (9, 4, 6))
854: ((1, 2, 8), (4, 3, 5), (6, 9, 7))
855: ((2, 6, 8), (1, 5, 3), (4, 9, 7))
856: ((1, 8, 2), (5, 4, 3), (9, 6, 7))
857: ((1, 8, 2), (4, 5, 3), (9, 6, 7))
858: ((2, 1, 8), (6, 3, 5), (4, 9, 7))
859: ((1, 8, 2), (5, 4, 3), (9, 7, 6))
860: ((1, 8, 2), (5, 9, 7), (4, 3, 6))
861: ((1, 8, 2), (4, 9, 7), (5, 3, 6))
862: ((1, 8, 2), (4, 5, 3), (9, 7, 6))
863: ((1, 3, 8), (5, 4, 6), (2, 9, 7))
864: ((2, 1, 8), (9, 6, 5), (4, 3, 7))
865: ((2, 1, 6), (5, 8, 9), (4, 3, 7))
866: ((1, 8, 2), (4, 5, 3), (6, 9, 7))
867: ((2, 1, 8), (9, 5, 6), (4, 7, 3))
868: ((2, 1, 8), (9, 5, 3), (4, 7, 6))
869: ((1, 3, 8), (9, 2, 6), (4, 5, 7))
870: ((1, 2, 8), (9, 5, 7), (4, 3, 6))
871: ((1, 5, 8), (9, 2, 7), (4, 3, 6))
872: ((1, 2, 8), (9, 3, 7), (4, 5, 6))
873: ((2, 1, 8), (9, 5, 7), (4, 3, 6))
874: ((1, 2, 3), (4, 5, 6), (9, 8, 7))
875: ((2, 3, 8), (1, 6, 5), (4, 9, 7))
876: ((2, 1, 8), (3, 9, 6), (4, 7, 5))
877: ((2, 1, 8), (3, 5, 6), (9, 7, 4))
878: ((1, 2, 8), (3, 5, 4), (9, 7, 6))
879: ((2, 1, 8), (4, 3, 6), (9, 7, 5))
880: ((2, 1, 8), (4, 5, 3), (6, 9, 7))
881: ((1, 3, 8), (5, 2, 4), (9, 7, 6))
882: ((2, 1, 8), (5, 3, 4), (9, 7, 6))
883: ((1, 3, 8), (4, 2, 6), (9, 7, 5))
884: ((1, 2, 8), (5, 4, 3), (6, 9, 7))
885: ((2, 1, 8), (3, 6, 5), (9, 4, 7))
886: ((5, 2, 8), (1, 3, 6), (9, 7, 4))
887: ((5, 2, 8), (1, 3, 6), (7, 9, 4))
888: ((5, 2, 8), (1, 6, 3), (9, 7, 4))
889: ((1, 2, 8), (3, 4, 5), (9, 6, 7))
890: ((5, 3, 8), (1, 2, 6), (9, 7, 4))
891: ((5, 2, 8), (1, 3, 4), (9, 7, 6))
892: ((1, 2, 8), (3, 4, 5), (9, 7, 6))
893: ((2, 1, 6), (3, 5, 8), (9, 4, 7))
894: ((5, 2, 6), (1, 3, 8), (9, 4, 7))
895: ((5, 2, 6), (1, 8, 3), (9, 4, 7))
896: ((5, 3, 6), (1, 2, 8), (9, 4, 7))
897: ((2, 1, 8), (7, 3, 6), (5, 4, 9))
898: ((2, 1, 3), (5, 6, 8), (9, 4, 7))
899: ((1, 2, 3), (5, 4, 8), (9, 6, 7))
900: ((1, 2, 3), (4, 5, 8), (9, 6, 7))
901: ((2, 1, 8), (6, 5, 3), (9, 4, 7))
902: ((1, 2, 3), (5, 4, 8), (9, 7, 6))
903: ((4, 3, 8), (5, 2, 6), (1, 9, 7))
904: ((1, 2, 3), (4, 5, 8), (9, 7, 6))
905: ((2, 1, 8), (3, 5, 7), (9, 4, 6))
906: ((4, 2, 6), (5, 3, 8), (1, 9, 7))
907: ((1, 3, 8), (7, 2, 6), (5, 4, 9))
908: ((2, 1, 6), (8, 5, 3), (4, 9, 7))
909: ((2, 4, 8), (1, 3, 6), (5, 9, 7))
910: ((2, 4, 8), (1, 3, 6), (5, 7, 9))
911: ((2, 4, 8), (1, 3, 6), (7, 5, 9))
912: ((2, 4, 8), (1, 6, 3), (5, 9, 7))
913: ((5, 8, 2), (1, 3, 7), (4, 9, 6))
914: ((5, 8, 2), (4, 3, 7), (1, 9, 6))
915: ((5, 8, 2), (1, 3, 7), (4, 6, 9))
916: ((2, 1, 3), (6, 5, 8), (4, 9, 7))
917: ((1, 2, 3), (4, 5, 8), (6, 9, 7))
918: ((1, 2, 8), (3, 6, 9), (4, 5, 7))
919: ((1, 2, 8), (3, 5, 9), (4, 6, 7))
920: ((2, 1, 8), (3, 6, 9), (4, 5, 7))
921: ((2, 1, 6), (3, 8, 5), (4, 9, 7))
922: ((4, 2, 8), (5, 3, 7), (1, 9, 6))
923: ((5, 8, 6), (1, 3, 2), (4, 9, 7))
924: ((5, 8, 6), (1, 3, 2), (4, 7, 9))
925: ((5, 8, 6), (4, 3, 2), (1, 9, 7))
926: ((5, 8, 6), (1, 2, 3), (4, 7, 9))
927: ((5, 8, 6), (4, 2, 3), (1, 9, 7))
928: ((1, 5, 8), (2, 3, 9), (4, 7, 6))
929: ((1, 5, 8), (2, 3, 6), (7, 4, 9))
930: ((1, 5, 8), (4, 6, 3), (2, 9, 7))
931: ((2, 1, 8), (3, 7, 6), (4, 5, 9))
932: ((1, 2, 8), (7, 5, 6), (9, 4, 3))
933: ((1, 2, 3), (7, 5, 6), (4, 9, 8))
934: ((1, 2, 3), (4, 5, 6), (7, 9, 8))
935: ((1, 2, 3), (7, 5, 8), (4, 6, 9))
936: ((1, 2, 3), (4, 5, 8), (7, 6, 9))
937: ((1, 2, 3), (4, 9, 8), (5, 7, 6))
938: ((2, 1, 3), (5, 7, 8), (4, 9, 6))
939: ((4, 8, 2), (5, 3, 6), (1, 9, 7))
940: ((2, 1, 3), (7, 5, 8), (4, 9, 6))
941: ((2, 1, 3), (4, 5, 8), (7, 9, 6))
942: ((2, 1, 3), (5, 9, 8), (4, 6, 7))
943: ((2, 1, 3), (5, 9, 8), (4, 7, 6))
944: ((5, 2, 8), (1, 9, 3), (4, 6, 7))
945: ((5, 2, 8), (4, 9, 3), (1, 6, 7))
946: ((2, 1, 8), (5, 4, 6), (9, 7, 3))
947: ((2, 1, 8), (4, 5, 6), (9, 7, 3))
948: ((2, 1, 8), (5, 4, 3), (9, 7, 6))
949: ((2, 1, 8), (4, 5, 3), (9, 7, 6))
950: ((2, 1, 8), (5, 7, 3), (9, 4, 6))
951: ((1, 5, 8), (4, 3, 6), (2, 7, 9))
952: ((2, 1, 8), (7, 5, 3), (9, 4, 6))
953: ((4, 1, 8), (5, 3, 6), (2, 9, 7))
954: ((1, 5, 8), (2, 6, 3), (4, 7, 9))
955: ((5, 2, 8), (1, 4, 6), (9, 3, 7))
956: ((5, 2, 8), (4, 1, 6), (9, 3, 7))
957: ((1, 2, 8), (5, 4, 7), (9, 3, 6))
958: ((1, 2, 8), (4, 5, 7), (9, 3, 6))
959: ((2, 1, 8), (5, 4, 7), (9, 3, 6))
960: ((2, 1, 8), (4, 5, 7), (9, 3, 6))
961: ((5, 1, 8), (2, 3, 7), (4, 9, 6))
962: ((5, 1, 8), (2, 3, 7), (4, 6, 9))
963: ((1, 5, 8), (2, 3, 7), (4, 6, 9))
964: ((2, 1, 8), (5, 4, 3), (9, 6, 7))
965: ((2, 1, 8), (4, 5, 3), (9, 6, 7))
966: ((5, 2, 8), (1, 3, 7), (9, 4, 6))
967: ((5, 2, 8), (1, 4, 3), (9, 6, 7))
968: ((5, 3, 8), (1, 2, 7), (9, 4, 6))
969: ((5, 2, 8), (1, 4, 3), (9, 7, 6))
970: ((2, 1, 8), (7, 5, 3), (4, 6, 9))
971: ((2, 1, 8), (4, 5, 3), (7, 6, 9))
972: ((2, 1, 8), (7, 5, 6), (4, 9, 3))
973: ((2, 1, 8), (4, 5, 6), (7, 9, 3))
974: ((1, 8, 2), (3, 9, 6), (4, 5, 7))
975: ((1, 2, 8), (6, 9, 3), (4, 5, 7))
976: ((2, 1, 8), (6, 9, 3), (4, 5, 7))
977: ((1, 2, 8), (4, 9, 3), (6, 5, 7))
978: ((5, 6, 2), (1, 3, 8), (4, 9, 7))
979: ((5, 6, 2), (1, 3, 8), (4, 7, 9))
980: ((5, 6, 2), (1, 8, 3), (4, 9, 7))
981: ((5, 6, 2), (4, 3, 8), (1, 9, 7))
982: ((1, 3, 8), (4, 5, 2), (6, 9, 7))
983: ((2, 1, 6), (5, 9, 8), (4, 7, 3))
984: ((5, 2, 6), (1, 9, 8), (4, 3, 7))
985: ((5, 2, 6), (4, 9, 8), (1, 3, 7))
986: ((1, 2, 8), (4, 5, 9), (6, 3, 7))
987: ((1, 8, 2), (4, 3, 6), (9, 5, 7))
988: ((4, 8, 2), (1, 3, 6), (9, 5, 7))
989: ((1, 8, 2), (4, 6, 3), (9, 5, 7))
990: ((2, 1, 8), (6, 5, 9), (4, 3, 7))
991: ((1, 2, 8), (5, 4, 3), (7, 6, 9))
992: ((5, 2, 8), (1, 4, 6), (9, 7, 3))
993: ((5, 2, 6), (1, 9, 8), (4, 7, 3))
994: ((5, 1, 8), (2, 7, 3), (4, 9, 6))
995: ((1, 5, 8), (2, 7, 3), (4, 9, 6))
996: ((5, 2, 8), (1, 7, 3), (9, 4, 6))
997: ((2, 1, 3), (5, 8, 6), (4, 7, 9))
998: ((2, 1, 3), (8, 5, 6), (4, 9, 7))
999: ((5, 8, 2), (1, 7, 3), (4, 9, 6))
1000: ((2, 1, 6), (4, 5, 3), (8, 9, 7))
1001: ((3, 1, 8), (5, 6, 2), (4, 9, 7))
1002: ((3, 1, 8), (5, 6, 2), (4, 7, 9))
1003: ((3, 1, 8), (4, 6, 2), (5, 9, 7))
1004: ((8, 1, 2), (5, 3, 6), (4, 9, 7))
1005: ((8, 1, 2), (5, 3, 6), (4, 7, 9))
1006: ((8, 1, 2), (4, 3, 6), (5, 9, 7))
1007: ((8, 1, 2), (5, 6, 3), (4, 9, 7))
1008: ((8, 2, 1), (5, 3, 6), (4, 9, 7))
1009: ((8, 1, 2), (4, 3, 6), (5, 7, 9))
1010: ((8, 1, 2), (5, 6, 3), (4, 7, 9))
1011: ((8, 2, 1), (5, 3, 6), (4, 7, 9))
1012: ((8, 1, 2), (3, 5, 6), (4, 9, 7))
1013: ((8, 1, 2), (3, 5, 6), (4, 7, 9))
1014: ((8, 1, 2), (4, 6, 3), (5, 9, 7))
1015: ((8, 2, 1), (4, 3, 6), (5, 9, 7))
1016: ((8, 1, 2), (4, 3, 6), (7, 5, 9))
1017: ((8, 1, 2), (5, 3, 9), (4, 7, 6))
1018: ((8, 2, 1), (5, 6, 3), (4, 9, 7))
1019: ((8, 1, 2), (5, 3, 6), (7, 4, 9))
1020: ((8, 3, 1), (5, 2, 6), (4, 9, 7))
1021: ((8, 1, 2), (5, 3, 7), (4, 9, 6))
1022: ((8, 1, 2), (4, 3, 7), (5, 9, 6))
1023: ((8, 1, 2), (5, 3, 7), (4, 6, 9))
1024: ((8, 1, 3), (5, 6, 2), (4, 9, 7))
1025: ((1, 6, 8), (5, 2, 9), (4, 3, 7))
1026: ((1, 6, 8), (4, 2, 9), (5, 3, 7))
1027: ((1, 6, 8), (2, 5, 9), (4, 3, 7))
1028: ((5, 2, 3), (1, 8, 6), (9, 4, 7))
1029: ((8, 1, 6), (5, 3, 2), (4, 9, 7))
1030: ((8, 1, 6), (5, 2, 3), (4, 9, 7))
1031: ((8, 1, 6), (5, 3, 2), (4, 7, 9))
1032: ((8, 1, 6), (4, 3, 2), (5, 9, 7))
1033: ((8, 1, 6), (5, 2, 3), (4, 7, 9))
1034: ((8, 1, 6), (4, 2, 3), (5, 9, 7))
1035: ((5, 2, 6), (1, 4, 3), (9, 8, 7))
1036: ((1, 2, 6), (4, 5, 8), (3, 9, 7))
1037: ((1, 2, 6), (4, 5, 8), (3, 7, 9))
1038: ((4, 2, 6), (1, 5, 8), (3, 9, 7))
1039: ((1, 5, 6), (4, 2, 8), (3, 9, 7))
1040: ((2, 1, 6), (4, 5, 8), (3, 9, 7))
1041: ((1, 2, 6), (5, 4, 8), (3, 9, 7))
1042: ((2, 5, 8), (1, 9, 6), (4, 7, 3))
1043: ((2, 5, 8), (1, 9, 3), (4, 7, 6))
1044: ((1, 2, 8), (4, 3, 5), (9, 6, 7))
1045: ((2, 8, 1), (5, 3, 6), (4, 9, 7))
1046: ((2, 8, 1), (5, 3, 6), (4, 7, 9))
1047: ((2, 8, 1), (4, 3, 6), (5, 9, 7))
1048: ((2, 8, 1), (5, 6, 3), (4, 9, 7))
1049: ((2, 8, 1), (4, 3, 6), (5, 7, 9))
1050: ((2, 8, 1), (5, 6, 3), (4, 7, 9))
1051: ((2, 8, 1), (3, 5, 6), (4, 9, 7))
1052: ((2, 8, 1), (3, 5, 6), (4, 7, 9))
1053: ((2, 8, 1), (4, 6, 3), (5, 9, 7))
1054: ((2, 8, 1), (4, 3, 6), (7, 5, 9))
1055: ((2, 3, 1), (5, 8, 6), (4, 9, 7))
1056: ((2, 3, 1), (5, 8, 6), (4, 7, 9))
1057: ((2, 3, 1), (4, 8, 6), (5, 9, 7))
1058: ((2, 8, 1), (5, 3, 9), (4, 7, 6))
1059: ((2, 8, 1), (5, 3, 6), (7, 4, 9))
1060: ((2, 8, 1), (5, 3, 7), (4, 9, 6))
1061: ((2, 8, 1), (4, 3, 7), (5, 9, 6))
1062: ((2, 8, 1), (5, 3, 7), (4, 6, 9))
1063: ((1, 8, 6), (5, 9, 2), (4, 3, 7))
1064: ((1, 8, 6), (4, 9, 2), (5, 3, 7))
1065: ((1, 8, 6), (5, 2, 9), (4, 3, 7))
1066: ((1, 8, 2), (5, 7, 3), (9, 4, 6))
1067: ((1, 8, 2), (7, 5, 3), (9, 4, 6))
1068: ((5, 9, 8), (1, 2, 6), (4, 7, 3))
1069: ((5, 9, 8), (1, 2, 3), (4, 7, 6))
1070: ((1, 2, 6), (5, 7, 3), (4, 8, 9))
1071: ((1, 2, 6), (7, 5, 3), (4, 8, 9))
1072: ((1, 2, 6), (4, 5, 3), (7, 8, 9))
1073: ((1, 9, 8), (5, 6, 2), (4, 3, 7))
1074: ((1, 9, 8), (4, 6, 2), (5, 3, 7))
1075: ((1, 2, 3), (4, 8, 6), (9, 5, 7))
1076: ((2, 5, 3), (1, 8, 6), (4, 9, 7))
1077: ((1, 2, 8), (4, 5, 6), (7, 3, 9))
1078: ((1, 2, 6), (5, 3, 7), (4, 9, 8))
1079: ((1, 2, 6), (5, 3, 7), (4, 8, 9))
1080: ((1, 2, 6), (4, 3, 7), (5, 9, 8))
1081: ((1, 2, 6), (4, 3, 7), (5, 8, 9))
1082: ((2, 1, 6), (5, 3, 7), (4, 9, 8))
1083: ((2, 1, 6), (5, 3, 7), (4, 8, 9))
1084: ((1, 3, 6), (5, 2, 7), (4, 9, 8))
1085: ((1, 3, 6), (5, 2, 7), (4, 8, 9))
1086: ((1, 2, 6), (5, 7, 3), (4, 9, 8))
1087: ((1, 2, 6), (7, 5, 3), (4, 9, 8))
1088: ((1, 2, 6), (4, 5, 3), (7, 9, 8))
1089: ((1, 2, 6), (3, 5, 7), (4, 9, 8))
1090: ((1, 2, 6), (3, 5, 7), (4, 8, 9))
1091: ((2, 1, 6), (4, 3, 7), (5, 9, 8))
1092: ((1, 3, 6), (4, 2, 7), (5, 9, 8))
1093: ((1, 2, 6), (4, 7, 3), (5, 9, 8))
1094: ((4, 2, 6), (1, 3, 7), (5, 9, 8))
1095: ((1, 3, 6), (2, 5, 7), (4, 9, 8))
1096: ((1, 5, 6), (3, 2, 7), (4, 9, 8))
1097: ((2, 1, 6), (4, 3, 7), (5, 8, 9))
1098: ((1, 3, 6), (4, 2, 7), (5, 8, 9))
1099: ((1, 2, 6), (4, 7, 3), (5, 8, 9))
1100: ((4, 2, 6), (1, 3, 7), (5, 8, 9))
1101: ((1, 3, 6), (2, 5, 7), (4, 8, 9))
1102: ((1, 5, 6), (3, 2, 7), (4, 8, 9))
1103: ((2, 1, 6), (3, 5, 7), (4, 9, 8))
1104: ((2, 1, 6), (3, 5, 7), (4, 8, 9))
1105: ((5, 2, 6), (1, 3, 7), (4, 9, 8))
1106: ((5, 2, 6), (1, 3, 7), (4, 8, 9))
1107: ((5, 2, 6), (4, 3, 7), (1, 9, 8))
1108: ((5, 2, 6), (4, 3, 7), (1, 8, 9))
1109: ((2, 1, 6), (5, 7, 3), (4, 9, 8))
1110: ((2, 1, 6), (5, 7, 3), (4, 8, 9))
1111: ((5, 3, 6), (1, 2, 7), (4, 9, 8))
1112: ((5, 3, 6), (1, 2, 7), (4, 8, 9))
1113: ((2, 1, 6), (7, 5, 3), (4, 9, 8))
1114: ((2, 1, 6), (4, 5, 3), (7, 9, 8))
1115: ((1, 2, 8), (7, 3, 5), (4, 9, 6))
1116: ((1, 2, 8), (4, 3, 5), (7, 9, 6))
1117: ((1, 8, 3), (5, 6, 2), (9, 4, 7))
1118: ((1, 2, 8), (4, 7, 3), (9, 5, 6))
1119: ((1, 8, 2), (5, 4, 6), (9, 3, 7))
1120: ((1, 8, 2), (4, 5, 6), (9, 3, 7))
1121: ((5, 2, 8), (1, 6, 9), (4, 7, 3))
1122: ((1, 6, 8), (3, 2, 5), (4, 9, 7))
1123: ((1, 6, 8), (3, 2, 5), (4, 7, 9))
1124: ((1, 6, 8), (3, 5, 2), (4, 9, 7))
1125: ((5, 8, 2), (1, 9, 6), (4, 7, 3))
1126: ((5, 8, 2), (1, 9, 3), (4, 7, 6))
1127: ((1, 3, 2), (4, 5, 6), (8, 7, 9))
1128: ((1, 2, 8), (3, 6, 7), (4, 5, 9))
1129: ((2, 1, 3), (5, 8, 6), (9, 4, 7))
1130: ((2, 1, 6), (5, 4, 3), (9, 8, 7))
1131: ((2, 1, 6), (4, 5, 3), (9, 8, 7))
1132: ((1, 2, 6), (5, 4, 8), (9, 3, 7))
1133: ((1, 2, 6), (4, 5, 8), (9, 3, 7))
1134: ((2, 1, 6), (5, 4, 8), (9, 3, 7))
1135: ((2, 1, 6), (4, 5, 8), (9, 3, 7))
1136: ((1, 3, 2), (5, 7, 6), (4, 8, 9))
1137: ((1, 3, 2), (7, 5, 6), (4, 8, 9))
1138: ((1, 3, 2), (4, 5, 6), (7, 8, 9))
1139: ((2, 1, 3), (4, 8, 6), (5, 9, 7))
1140: ((5, 2, 8), (3, 1, 6), (4, 9, 7))
1141: ((1, 5, 6), (4, 2, 3), (8, 9, 7))
1142: ((1, 2, 8), (5, 6, 7), (4, 9, 3))
1143: ((1, 2, 8), (4, 6, 7), (5, 9, 3))
1144: ((2, 1, 8), (5, 6, 7), (4, 9, 3))
1145: ((2, 1, 8), (4, 6, 7), (5, 9, 3))
1146: ((1, 2, 8), (6, 5, 7), (4, 9, 3))
1147: ((1, 2, 8), (5, 6, 7), (4, 3, 9))
1148: ((1, 2, 8), (4, 6, 7), (5, 3, 9))
1149: ((4, 2, 8), (1, 6, 7), (5, 9, 3))
1150: ((1, 5, 8), (6, 2, 7), (4, 9, 3))
1151: ((5, 2, 8), (1, 6, 7), (4, 9, 3))
1152: ((5, 2, 8), (4, 6, 7), (1, 9, 3))
1153: ((2, 1, 8), (6, 5, 7), (4, 9, 3))
1154: ((1, 2, 8), (4, 5, 7), (6, 9, 3))
1155: ((2, 1, 8), (5, 6, 7), (4, 3, 9))
1156: ((1, 2, 6), (4, 5, 3), (8, 7, 9))
1157: ((1, 3, 2), (5, 9, 6), (4, 7, 8))
1158: ((1, 2, 3), (5, 9, 6), (4, 7, 8))
1159: ((5, 8, 3), (1, 6, 2), (4, 9, 7))
1160: ((1, 3, 2), (5, 4, 6), (7, 8, 9))
1161: ((1, 6, 8), (5, 2, 7), (4, 9, 3))
1162: ((1, 6, 8), (4, 2, 7), (5, 9, 3))
1163: ((1, 6, 8), (2, 5, 7), (4, 9, 3))
1164: ((1, 2, 6), (5, 4, 3), (7, 8, 9))
1165: ((3, 2, 8), (5, 1, 7), (4, 9, 6))
1166: ((3, 2, 8), (1, 5, 7), (4, 9, 6))
1167: ((1, 8, 6), (5, 3, 2), (9, 4, 7))
1168: ((1, 2, 8), (3, 7, 6), (4, 9, 5))
1169: ((1, 2, 6), (5, 4, 8), (9, 7, 3))
1170: ((1, 2, 6), (4, 5, 8), (9, 7, 3))
1171: ((1, 5, 8), (3, 6, 2), (4, 9, 7))
1172: ((1, 5, 8), (3, 6, 2), (4, 7, 9))
1173: ((1, 8, 2), (5, 4, 6), (9, 7, 3))
1174: ((1, 8, 2), (4, 5, 6), (9, 7, 3))
1175: ((5, 2, 6), (1, 7, 3), (4, 9, 8))
1176: ((5, 2, 6), (1, 7, 3), (4, 8, 9))
1177: ((2, 1, 3), (5, 7, 6), (4, 9, 8))
1178: ((1, 3, 8), (5, 6, 2), (9, 4, 7))
1179: ((1, 3, 8), (5, 4, 2), (9, 6, 7))
1180: ((1, 3, 8), (4, 5, 2), (9, 6, 7))
1181: ((1, 3, 8), (5, 4, 2), (9, 7, 6))
1182: ((1, 3, 8), (4, 5, 2), (9, 7, 6))
1183: ((5, 2, 3), (1, 7, 6), (4, 9, 8))
1184: ((1, 2, 3), (4, 7, 6), (5, 9, 8))
1185: ((2, 1, 3), (5, 9, 6), (4, 8, 7))
1186: ((1, 2, 6), (3, 4, 8), (5, 9, 7))
1187: ((1, 2, 6), (3, 4, 8), (5, 7, 9))
1188: ((1, 2, 6), (3, 4, 8), (7, 5, 9))
1189: ((2, 1, 6), (3, 4, 8), (5, 9, 7))
1190: ((1, 8, 3), (5, 7, 2), (4, 9, 6))
1191: ((1, 8, 3), (7, 5, 2), (4, 9, 6))
1192: ((1, 8, 3), (4, 5, 2), (7, 9, 6))
1193: ((1, 8, 2), (4, 5, 6), (3, 9, 7))
1194: ((1, 8, 2), (4, 5, 6), (3, 7, 9))
1195: ((4, 8, 2), (1, 5, 6), (3, 9, 7))
1196: ((1, 8, 2), (5, 4, 6), (3, 9, 7))
1197: ((1, 6, 8), (5, 2, 3), (9, 4, 7))
1198: ((1, 6, 8), (2, 5, 3), (9, 4, 7))
1199: ((2, 5, 8), (1, 7, 3), (4, 9, 6))
1200: ((1, 9, 8), (5, 6, 2), (4, 7, 3))
1201: ((1, 4, 8), (5, 2, 6), (9, 7, 3))
1202: ((1, 4, 8), (5, 2, 3), (9, 7, 6))
1203: ((1, 2, 8), (5, 7, 6), (4, 3, 9))
1204: ((1, 2, 8), (7, 5, 6), (4, 3, 9))
1205: ((1, 2, 8), (4, 7, 6), (5, 3, 9))
1206: ((1, 2, 8), (5, 7, 9), (4, 3, 6))
1207: ((2, 1, 8), (5, 7, 6), (4, 3, 9))
1208: ((1, 2, 8), (7, 5, 9), (4, 3, 6))
1209: ((1, 2, 8), (4, 5, 9), (7, 3, 6))
1210: ((2, 1, 8), (7, 5, 6), (4, 3, 9))
1211: ((2, 1, 8), (4, 5, 6), (7, 3, 9))
1212: ((1, 2, 8), (4, 7, 9), (5, 3, 6))
1213: ((2, 1, 8), (4, 7, 6), (5, 3, 9))
1214: ((1, 5, 8), (7, 2, 6), (4, 3, 9))
1215: ((1, 5, 8), (4, 2, 6), (7, 3, 9))
1216: ((4, 2, 8), (1, 7, 6), (5, 3, 9))
1217: ((1, 2, 8), (7, 4, 6), (5, 3, 9))
1218: ((2, 1, 8), (5, 7, 9), (4, 3, 6))
1219: ((5, 2, 8), (1, 7, 6), (4, 3, 9))
1220: ((5, 2, 8), (4, 7, 6), (1, 3, 9))
1221: ((5, 2, 8), (1, 7, 9), (4, 3, 6))
1222: ((1, 2, 8), (5, 4, 6), (7, 3, 9))
1223: ((2, 1, 8), (7, 5, 9), (4, 3, 6))
1224: ((2, 1, 8), (4, 5, 9), (7, 3, 6))
1225: ((1, 8, 6), (5, 9, 2), (4, 7, 3))
1226: ((2, 8, 1), (5, 7, 3), (4, 9, 6))
1227: ((2, 8, 1), (7, 5, 3), (4, 9, 6))
1228: ((2, 8, 1), (4, 5, 3), (7, 9, 6))
1229: ((1, 6, 3), (5, 8, 2), (4, 9, 7))
1230: ((5, 2, 8), (3, 4, 6), (1, 9, 7))
1231: ((5, 2, 8), (3, 4, 6), (1, 7, 9))
1232: ((1, 2, 8), (9, 6, 5), (4, 7, 3))
1233: ((1, 2, 6), (5, 8, 9), (4, 7, 3))
1234: ((1, 8, 2), (5, 6, 9), (4, 7, 3))
1235: ((1, 8, 3), (6, 5, 2), (4, 9, 7))
1236: ((8, 1, 3), (5, 2, 6), (4, 9, 7))
1237: ((1, 2, 8), (6, 5, 9), (4, 7, 3))
1238: ((1, 6, 8), (5, 2, 9), (4, 7, 3))
1239: ((1, 5, 3), (8, 2, 6), (4, 9, 7))
1240: ((8, 2, 1), (5, 3, 7), (4, 9, 6))
1241: ((8, 1, 2), (5, 7, 3), (4, 9, 6))
1242: ((8, 1, 2), (7, 5, 3), (4, 9, 6))
1243: ((8, 1, 2), (4, 5, 3), (7, 9, 6))
1244: ((1, 8, 2), (3, 4, 6), (5, 9, 7))
1245: ((1, 8, 2), (3, 4, 6), (5, 7, 9))
1246: ((1, 8, 2), (3, 4, 6), (7, 5, 9))
1247: ((8, 2, 1), (3, 5, 6), (4, 9, 7))
1248: ((5, 6, 2), (1, 8, 3), (4, 7, 9))
1249: ((5, 6, 2), (4, 3, 8), (1, 7, 9))
1250: ((8, 3, 2), (5, 1, 6), (4, 9, 7))
1251: ((8, 2, 3), (5, 1, 6), (4, 9, 7))
1252: ((8, 3, 2), (1, 5, 6), (4, 9, 7))
1253: ((8, 3, 2), (5, 1, 6), (4, 7, 9))
1254: ((8, 3, 2), (4, 1, 6), (5, 9, 7))
1255: ((8, 2, 3), (1, 5, 6), (4, 9, 7))
1256: ((8, 2, 3), (5, 1, 6), (4, 7, 9))
1257: ((8, 2, 3), (4, 1, 6), (5, 9, 7))
1258: ((8, 3, 2), (1, 5, 6), (4, 7, 9))
1259: ((1, 3, 8), (4, 5, 2), (6, 7, 9))
1260: ((5, 2, 8), (1, 4, 6), (7, 9, 3))
1261: ((2, 5, 6), (1, 9, 8), (4, 3, 7))
1262: ((2, 5, 8), (1, 3, 7), (9, 4, 6))
1263: ((4, 1, 8), (5, 3, 6), (2, 7, 9))
1264: ((2, 5, 8), (1, 4, 6), (9, 3, 7))
1265: ((3, 2, 8), (1, 6, 5), (4, 9, 7))
1266: ((3, 2, 8), (1, 6, 5), (4, 7, 9))
1267: ((3, 2, 8), (4, 6, 5), (1, 9, 7))
1268: ((3, 2, 8), (4, 5, 6), (1, 9, 7))
1269: ((2, 1, 8), (5, 4, 6), (7, 9, 3))
1270: ((2, 5, 8), (1, 9, 3), (4, 6, 7))
1271: ((4, 8, 2), (5, 3, 6), (1, 7, 9))
1272: ((5, 8, 6), (4, 3, 2), (1, 7, 9))
1273: ((2, 1, 3), (6, 5, 8), (4, 7, 9))
1274: ((2, 1, 8), (3, 5, 9), (4, 6, 7))
1275: ((2, 1, 6), (3, 8, 5), (4, 7, 9))
1276: ((1, 2, 3), (4, 5, 8), (6, 7, 9))
1277: ((2, 4, 8), (1, 6, 3), (5, 7, 9))
1278: ((2, 1, 6), (8, 5, 3), (4, 7, 9))
1279: ((4, 2, 6), (5, 3, 8), (1, 7, 9))
1280: ((4, 3, 8), (5, 2, 6), (1, 7, 9))
1281: ((4, 5, 8), (1, 2, 6), (3, 7, 9))
1282: ((3, 2, 6), (1, 5, 8), (4, 9, 7))
1283: ((3, 2, 6), (1, 5, 8), (4, 7, 9))
1284: ((3, 5, 6), (1, 2, 8), (4, 9, 7))
1285: ((3, 2, 6), (4, 5, 8), (1, 9, 7))
1286: ((2, 5, 6), (1, 3, 8), (9, 4, 7))
1287: ((5, 3, 8), (1, 2, 6), (7, 9, 4))
1288: ((5, 2, 8), (1, 3, 4), (7, 9, 6))
1289: ((5, 2, 8), (1, 6, 3), (7, 9, 4))
1290: ((2, 5, 8), (1, 3, 6), (9, 7, 4))
1291: ((1, 2, 8), (5, 4, 3), (6, 7, 9))
1292: ((1, 3, 8), (4, 2, 5), (9, 7, 6))
1293: ((1, 3, 8), (4, 2, 6), (7, 9, 5))
1294: ((2, 1, 8), (5, 3, 4), (7, 9, 6))
1295: ((2, 8, 6), (5, 1, 3), (4, 7, 9))
1296: ((1, 2, 8), (3, 5, 4), (7, 9, 6))
1297: ((2, 1, 8), (4, 5, 3), (6, 7, 9))
1298: ((1, 3, 8), (5, 2, 4), (7, 9, 6))
1299: ((2, 1, 8), (4, 3, 5), (9, 7, 6))
1300: ((2, 1, 8), (4, 3, 6), (7, 9, 5))
1301: ((2, 3, 8), (1, 6, 5), (4, 7, 9))
1302: ((2, 1, 8), (3, 9, 5), (4, 7, 6))
1303: ((2, 1, 8), (3, 5, 6), (7, 9, 4))
1304: ((1, 8, 2), (4, 5, 3), (6, 7, 9))
1305: ((1, 3, 8), (5, 4, 6), (2, 7, 9))
1306: ((2, 1, 8), (6, 3, 5), (4, 7, 9))
1307: ((1, 6, 3), (2, 5, 8), (4, 7, 9))
1308: ((1, 2, 8), (4, 3, 5), (6, 7, 9))
1309: ((2, 6, 8), (1, 5, 3), (4, 7, 9))
1310: ((2, 3, 6), (5, 1, 8), (4, 9, 7))
1311: ((2, 3, 6), (5, 1, 8), (4, 7, 9))
1312: ((2, 3, 6), (4, 1, 8), (5, 9, 7))
1313: ((2, 3, 6), (1, 5, 8), (4, 7, 9))
1314: ((1, 3, 6), (4, 8, 2), (5, 7, 9))
1315: ((5, 3, 8), (4, 6, 2), (1, 7, 9))
1316: ((1, 6, 3), (4, 2, 8), (5, 7, 9))
1317: ((1, 6, 8), (4, 3, 2), (5, 7, 9))
1318: ((4, 6, 8), (1, 2, 3), (5, 7, 9))
1319: ((4, 3, 6), (1, 2, 8), (5, 7, 9))
1320: ((2, 8, 3), (4, 1, 6), (5, 7, 9))
1321: ((3, 1, 6), (5, 2, 8), (4, 9, 7))
1322: ((3, 1, 6), (5, 2, 8), (4, 7, 9))
1323: ((3, 1, 6), (4, 2, 8), (5, 9, 7))
1324: ((3, 1, 6), (2, 5, 8), (4, 9, 7))
1325: ((3, 2, 6), (5, 1, 8), (4, 9, 7))
1326: ((3, 2, 8), (1, 4, 6), (5, 9, 7))
1327: ((3, 2, 8), (1, 4, 6), (5, 7, 9))
1328: ((3, 2, 8), (1, 4, 6), (7, 5, 9))
1329: ((2, 3, 8), (4, 5, 6), (1, 7, 9))
1330: ((1, 8, 6), (2, 5, 3), (4, 7, 9))
1331: ((2, 1, 8), (5, 4, 6), (3, 7, 9))
1332: ((2, 5, 6), (1, 8, 3), (4, 7, 9))
1333: ((1, 5, 6), (2, 3, 8), (4, 7, 9))
1334: ((5, 6, 8), (4, 2, 3), (1, 7, 9))
1335: ((3, 1, 8), (5, 9, 6), (4, 2, 7))
1336: ((3, 1, 8), (4, 9, 6), (5, 2, 7))
1337: ((2, 5, 8), (1, 6, 9), (4, 3, 7))
1338: ((2, 5, 8), (1, 9, 7), (4, 3, 6))
1339: ((2, 5, 8), (4, 6, 3), (1, 7, 9))
1340: ((1, 3, 8), (2, 5, 6), (7, 9, 4))
1341: ((1, 5, 8), (3, 2, 6), (7, 9, 4))
1342: ((2, 1, 8), (5, 6, 3), (7, 9, 4))
1343: ((5, 2, 6), (4, 8, 3), (1, 7, 9))
1344: ((2, 1, 8), (4, 6, 5), (3, 7, 9))
1345: ((2, 1, 3), (4, 6, 8), (5, 7, 9))
1346: ((5, 2, 3), (4, 6, 8), (1, 7, 9))
1347: ((1, 5, 3), (6, 2, 8), (4, 7, 9))
1348: ((2, 5, 3), (1, 6, 8), (4, 9, 7))
1349: ((2, 1, 6), (4, 8, 3), (5, 7, 9))
1350: ((2, 5, 6), (4, 3, 8), (1, 7, 9))
1351: ((4, 6, 2), (1, 3, 8), (5, 7, 9))
1352: ((3, 5, 8), (1, 2, 6), (4, 9, 7))
1353: ((3, 5, 8), (1, 2, 6), (4, 7, 9))
1354: ((3, 5, 8), (4, 2, 6), (1, 9, 7))
1355: ((2, 5, 3), (1, 6, 8), (4, 7, 9))
1356: ((2, 3, 8), (1, 4, 6), (5, 7, 9))
1357: ((3, 5, 8), (4, 2, 6), (1, 7, 9))
1358: ((3, 1, 6), (4, 2, 8), (5, 7, 9))
1359: ((3, 1, 6), (2, 5, 8), (4, 7, 9))
1360: ((3, 2, 6), (5, 1, 8), (4, 7, 9))
1361: ((1, 4, 8), (2, 3, 6), (5, 7, 9))
1362: ((3, 2, 8), (4, 5, 6), (1, 7, 9))
1363: ((1, 3, 8), (6, 2, 5), (4, 7, 9))
1364: ((3, 1, 2), (5, 8, 6), (4, 9, 7))
1365: ((3, 1, 2), (5, 8, 6), (4, 7, 9))
1366: ((3, 1, 2), (4, 8, 6), (5, 9, 7))
1367: ((3, 2, 1), (5, 8, 6), (4, 9, 7))
1368: ((2, 3, 6), (4, 1, 8), (5, 7, 9))
1369: ((1, 8, 3), (4, 6, 2), (5, 7, 9))
1370: ((3, 1, 2), (4, 8, 6), (5, 7, 9))
1371: ((3, 2, 1), (5, 8, 6), (4, 7, 9))
1372: ((3, 2, 8), (1, 9, 6), (4, 5, 7))
1373: ((3, 2, 8), (4, 9, 6), (1, 5, 7))
1374: ((2, 5, 8), (1, 3, 6), (7, 9, 4))
1375: ((1, 3, 2), (4, 6, 8), (5, 7, 9))
1376: ((3, 5, 6), (1, 2, 8), (4, 7, 9))
1377: ((3, 2, 6), (4, 5, 8), (1, 7, 9))
1378: ((5, 1, 8), (4, 6, 3), (2, 7, 9))
1379: ((5, 8, 3), (4, 2, 6), (1, 7, 9))
1380: ((1, 5, 6), (8, 2, 3), (4, 7, 9))
1381: ((4, 2, 6), (1, 8, 3), (5, 7, 9))
1382: ((1, 2, 8), (4, 6, 5), (9, 3, 7))
1383: ((1, 2, 8), (9, 5, 3), (4, 6, 7))
1384: ((3, 1, 8), (4, 6, 2), (5, 7, 9))
1385: ((8, 3, 2), (4, 1, 6), (5, 7, 9))
1386: ((4, 2, 3), (1, 6, 8), (5, 7, 9))
1387: ((3, 2, 8), (4, 6, 5), (1, 7, 9))
1388: ((1, 2, 5), (3, 8, 6), (4, 9, 7))
1389: ((2, 5, 8), (1, 7, 6), (4, 3, 9))
1390: ((1, 2, 5), (3, 8, 6), (4, 7, 9))
1391: ((1, 6, 3), (5, 8, 2), (4, 7, 9))
1392: ((8, 2, 1), (3, 5, 6), (4, 7, 9))
1393: ((2, 5, 8), (3, 4, 6), (1, 9, 7))
1394: ((1, 8, 3), (6, 5, 2), (4, 7, 9))
1395: ((5, 8, 2), (4, 6, 3), (1, 7, 9))
1396: ((2, 5, 8), (3, 4, 6), (1, 7, 9))
1397: ((4, 8, 2), (1, 6, 3), (5, 7, 9))
1398: ((4, 8, 2), (1, 5, 6), (3, 7, 9))
1399: ((1, 8, 2), (5, 4, 6), (3, 7, 9))
1400: ((1, 4, 8), (5, 2, 6), (7, 9, 3))
1401: ((2, 1, 6), (3, 4, 8), (5, 7, 9))
1402: ((5, 3, 2), (4, 8, 6), (1, 7, 9))
1403: ((1, 2, 6), (5, 4, 8), (7, 9, 3))
1404: ((1, 2, 6), (4, 5, 8), (7, 9, 3))
1405: ((1, 8, 2), (5, 4, 6), (7, 9, 3))
1406: ((3, 2, 8), (4, 1, 6), (5, 7, 9))
1407: ((4, 1, 8), (2, 6, 3), (5, 7, 9))
1408: ((4, 1, 8), (3, 2, 6), (5, 7, 9))
1409: ((4, 2, 8), (1, 5, 3), (9, 6, 7))
1410: ((5, 3, 8), (2, 1, 6), (4, 9, 7))
1411: ((5, 3, 8), (2, 1, 6), (4, 7, 9))
1412: ((5, 8, 3), (1, 6, 2), (4, 7, 9))
1413: ((4, 3, 2), (1, 8, 6), (5, 7, 9))
1414: ((2, 5, 8), (1, 6, 7), (4, 9, 3))
1415: ((1, 8, 6), (3, 2, 5), (4, 7, 9))
1416: ((5, 2, 8), (3, 1, 6), (4, 7, 9))
1417: ((5, 3, 6), (4, 2, 8), (1, 7, 9))
1418: ((1, 6, 8), (3, 5, 2), (4, 7, 9))
1419: ((1, 2, 8), (3, 9, 5), (7, 4, 6))
1420: ((1, 2, 8), (4, 6, 3), (7, 9, 5))
1421: ((4, 3, 8), (1, 5, 6), (2, 7, 9))
1422: ((4, 2, 8), (5, 6, 3), (1, 7, 9))
1423: ((4, 2, 8), (1, 3, 6), (7, 9, 5))
1424: ((2, 5, 6), (1, 3, 7), (4, 9, 8))
1425: ((2, 5, 6), (1, 3, 7), (4, 8, 9))
1426: ((4, 2, 8), (1, 3, 5), (9, 7, 6))
1427: ((1, 5, 8), (4, 2, 3), (6, 7, 9))
1428: ((3, 2, 8), (1, 5, 6), (9, 4, 7))
1429: ((3, 2, 8), (1, 4, 6), (9, 5, 7))
1430: ((3, 5, 8), (1, 2, 6), (9, 4, 7))
1431: ((3, 8, 2), (1, 5, 6), (4, 9, 7))
1432: ((3, 8, 2), (1, 5, 6), (4, 7, 9))
1433: ((3, 8, 2), (4, 5, 6), (1, 9, 7))
1434: ((4, 2, 8), (1, 5, 3), (6, 7, 9))
1435: ((4, 8, 3), (1, 2, 6), (5, 7, 9))
1436: ((3, 8, 2), (4, 5, 6), (1, 7, 9))
1437: ((3, 1, 8), (5, 2, 6), (9, 4, 7))
1438: ((3, 1, 8), (2, 5, 6), (9, 4, 7))
1439: ((3, 2, 8), (5, 1, 6), (9, 4, 7))
1440: ((2, 3, 8), (5, 1, 6), (9, 4, 7))
1441: ((4, 8, 6), (1, 3, 2), (5, 7, 9))
1442: ((1, 6, 2), (4, 8, 3), (5, 7, 9))
1443: ((2, 3, 1), (4, 8, 6), (5, 7, 9))
1444: ((4, 3, 8), (1, 6, 2), (5, 7, 9))
1445: ((2, 8, 1), (4, 6, 3), (5, 7, 9))
1446: ((1, 2, 6), (5, 4, 8), (3, 7, 9))
1447: ((4, 2, 6), (1, 5, 8), (3, 7, 9))
1448: ((1, 5, 6), (4, 2, 8), (3, 7, 9))
1449: ((2, 1, 6), (4, 5, 8), (3, 7, 9))
1450: ((4, 2, 8), (1, 6, 5), (3, 7, 9))
1451: ((8, 1, 6), (4, 3, 2), (5, 7, 9))
1452: ((8, 1, 3), (5, 6, 2), (4, 7, 9))
1453: ((8, 2, 1), (5, 6, 3), (4, 7, 9))
1454: ((8, 3, 1), (5, 2, 6), (4, 7, 9))
1455: ((8, 2, 1), (4, 3, 6), (5, 7, 9))
1456: ((8, 1, 2), (4, 6, 3), (5, 7, 9))
1457: ((1, 8, 2), (4, 9, 3), (7, 5, 6))
1458: ((1, 8, 3), (4, 5, 6), (2, 9, 7))
1459: ((1, 8, 3), (4, 5, 6), (2, 7, 9))
1460: ((1, 5, 3), (2, 8, 6), (4, 9, 7))
1461: ((1, 5, 3), (2, 8, 6), (4, 7, 9))
1462: ((5, 2, 6), (1, 9, 3), (4, 7, 8))
1463: ((5, 1, 8), (7, 2, 3), (4, 9, 6))
1464: ((5, 1, 8), (4, 2, 3), (7, 9, 6))
1465: ((1, 8, 2), (4, 3, 6), (9, 7, 5))
1466: ((1, 8, 2), (4, 3, 5), (9, 7, 6))
1467: ((1, 8, 2), (4, 3, 6), (7, 9, 5))
1468: ((2, 1, 6), (4, 9, 8), (5, 7, 3))
1469: ((2, 1, 6), (5, 9, 3), (4, 7, 8))
1470: ((4, 2, 8), (1, 9, 3), (7, 5, 6))
1471: ((2, 1, 8), (4, 9, 3), (7, 5, 6))
1472: ((5, 6, 2), (4, 8, 3), (1, 9, 7))
1473: ((1, 8, 2), (3, 9, 6), (4, 7, 5))
1474: ((1, 8, 2), (3, 9, 5), (4, 7, 6))
1475: ((3, 1, 8), (4, 5, 6), (2, 9, 7))
1476: ((3, 1, 8), (4, 5, 6), (2, 7, 9))
1477: ((1, 4, 8), (5, 2, 7), (9, 3, 6))
1478: ((1, 2, 8), (5, 4, 7), (9, 6, 3))
1479: ((1, 2, 8), (4, 5, 7), (9, 6, 3))
1480: ((5, 1, 8), (4, 2, 6), (9, 3, 7))
1481: ((4, 5, 8), (2, 3, 6), (1, 9, 7))
1482: ((4, 5, 8), (2, 3, 6), (1, 7, 9))
1483: ((5, 4, 8), (1, 2, 6), (9, 3, 7))
1484: ((1, 2, 6), (7, 3, 8), (5, 4, 9))
1485: ((2, 1, 3), (4, 9, 8), (5, 6, 7))
1486: ((1, 2, 3), (4, 9, 8), (7, 5, 6))
1487: ((2, 1, 3), (4, 7, 8), (5, 9, 6))
1488: ((1, 3, 6), (2, 8, 5), (4, 9, 7))
1489: ((1, 3, 6), (2, 8, 5), (4, 7, 9))
1490: ((1, 3, 6), (4, 5, 8), (2, 9, 7))
1491: ((1, 3, 6), (4, 5, 8), (2, 7, 9))
1492: ((1, 2, 8), (3, 6, 9), (4, 7, 5))
1493: ((4, 1, 8), (2, 9, 6), (5, 3, 7))
1494: ((1, 4, 8), (2, 6, 3), (5, 9, 7))
1495: ((1, 2, 6), (3, 7, 8), (4, 5, 9))
1496: ((1, 3, 8), (7, 2, 6), (4, 5, 9))
1497: ((2, 1, 8), (3, 4, 7), (9, 5, 6))
1498: ((4, 2, 6), (5, 8, 3), (1, 9, 7))
1499: ((2, 1, 8), (6, 4, 3), (9, 5, 7))
1500: ((4, 3, 8), (2, 1, 6), (5, 9, 7))
1501: ((4, 3, 8), (2, 1, 6), (5, 7, 9))
1502: ((2, 1, 8), (7, 3, 6), (4, 5, 9))
1503: ((1, 2, 6), (3, 5, 9), (4, 7, 8))
1504: ((2, 1, 6), (3, 4, 8), (9, 5, 7))
1505: ((1, 3, 6), (2, 4, 8), (5, 9, 7))
1506: ((1, 3, 6), (2, 4, 8), (5, 7, 9))
1507: ((2, 8, 6), (4, 1, 3), (5, 9, 7))
1508: ((1, 2, 8), (9, 5, 7), (4, 6, 3))
1509: ((1, 3, 6), (8, 5, 2), (4, 9, 7))
1510: ((1, 3, 6), (4, 5, 2), (8, 9, 7))
1511: ((1, 3, 6), (8, 5, 2), (4, 7, 9))
1512: ((2, 1, 6), (5, 3, 9), (4, 8, 7))
1513: ((1, 8, 2), (4, 7, 6), (5, 9, 3))
1514: ((4, 1, 6), (2, 3, 8), (5, 9, 7))
1515: ((4, 1, 6), (2, 3, 8), (5, 7, 9))
1516: ((1, 6, 8), (2, 3, 5), (4, 9, 7))
1517: ((1, 6, 8), (2, 3, 5), (4, 7, 9))
1518: ((1, 6, 8), (4, 5, 3), (2, 9, 7))
1519: ((1, 6, 8), (4, 5, 3), (2, 7, 9))
1520: ((1, 6, 8), (2, 4, 3), (5, 9, 7))
1521: ((1, 6, 8), (2, 4, 3), (5, 7, 9))
1522: ((2, 1, 8), (4, 6, 9), (5, 7, 3))
1523: ((1, 8, 2), (3, 5, 7), (9, 4, 6))
1524: ((2, 1, 6), (5, 8, 3), (7, 4, 9))
1525: ((1, 9, 8), (5, 2, 7), (4, 6, 3))
1526: ((1, 9, 8), (4, 6, 3), (5, 2, 7))
1527: ((1, 9, 8), (3, 5, 6), (4, 2, 7))
1528: ((1, 9, 8), (3, 2, 6), (4, 5, 7))
1529: ((1, 9, 8), (4, 2, 3), (7, 5, 6))
1530: ((1, 9, 8), (4, 5, 6), (2, 3, 7))
1531: ((1, 9, 8), (2, 4, 6), (5, 3, 7))
1532: ((2, 3, 8), (4, 1, 9), (5, 7, 6))
1533: ((1, 2, 6), (3, 9, 8), (4, 7, 5))
1534: ((1, 2, 8), (3, 6, 4), (5, 9, 7))
1535: ((1, 2, 8), (3, 6, 4), (5, 7, 9))
1536: ((1, 2, 8), (3, 6, 4), (7, 5, 9))
1537: ((2, 1, 8), (3, 6, 4), (5, 9, 7))
1538: ((2, 1, 8), (3, 6, 4), (5, 7, 9))
1539: ((1, 2, 8), (4, 9, 6), (3, 7, 5))
1540: ((1, 2, 8), (4, 9, 5), (3, 7, 6))
1541: ((1, 5, 8), (2, 4, 6), (3, 9, 7))
1542: ((1, 5, 8), (2, 4, 6), (3, 7, 9))
1543: ((1, 3, 6), (4, 2, 9), (5, 7, 8))
1544: ((4, 2, 6), (1, 8, 3), (9, 5, 7))
1545: ((1, 2, 6), (4, 3, 8), (9, 7, 5))
1546: ((1, 2, 6), (4, 3, 8), (7, 9, 5))
1547: ((1, 2, 8), (4, 7, 6), (3, 5, 9))
1548: ((1, 5, 6), (2, 8, 3), (4, 9, 7))
1549: ((1, 3, 8), (2, 9, 6), (4, 7, 5))
1550: ((1, 3, 8), (2, 9, 5), (4, 7, 6))
1551: ((1, 4, 8), (3, 2, 7), (5, 9, 6))
1552: ((1, 3, 8), (4, 9, 6), (2, 5, 7))
1553: ((1, 2, 8), (3, 9, 6), (5, 4, 7))
1554: ((2, 1, 8), (3, 9, 6), (5, 4, 7))
1555: ((2, 1, 6), (4, 9, 3), (5, 8, 7))
1556: ((2, 3, 8), (4, 1, 7), (5, 6, 9))
1557: ((1, 8, 6), (4, 9, 3), (5, 2, 7))
1558: ((1, 3, 8), (5, 9, 6), (4, 7, 2))
1559: ((1, 3, 8), (4, 9, 6), (5, 7, 2))
1560: ((1, 3, 8), (4, 9, 6), (7, 5, 2))
1561: ((1, 3, 8), (5, 9, 2), (4, 7, 6))
1562: ((1, 3, 8), (5, 9, 6), (7, 4, 2))
1563: ((1, 5, 2), (3, 8, 6), (9, 4, 7))
1564: ((1, 5, 2), (3, 4, 6), (9, 8, 7))
1565: ((5, 2, 8), (1, 3, 9), (4, 6, 7))
1566: ((3, 1, 8), (4, 2, 7), (5, 6, 9))
1567: ((5, 2, 8), (1, 9, 7), (4, 6, 3))
1568: ((1, 3, 8), (4, 9, 2), (5, 7, 6))
1569: ((1, 3, 8), (2, 7, 6), (4, 5, 9))
1570: ((2, 1, 8), (4, 9, 7), (5, 6, 3))
1571: ((2, 1, 6), (4, 3, 9), (5, 7, 8))
1572: ((1, 3, 8), (4, 9, 2), (7, 5, 6))
1573: ((1, 3, 8), (4, 2, 9), (5, 6, 7))
1574: ((2, 1, 6), (4, 3, 9), (7, 5, 8))
1575: ((1, 2, 6), (4, 8, 3), (9, 7, 5))
1576: ((2, 1, 6), (4, 8, 3), (9, 5, 7))
1577: ((4, 1, 8), (2, 5, 6), (3, 9, 7))
1578: ((4, 1, 8), (2, 5, 6), (3, 7, 9))
1579: ((3, 1, 8), (4, 2, 9), (5, 7, 6))
1580: ((1, 4, 8), (5, 2, 6), (3, 9, 7))
1581: ((1, 4, 8), (5, 2, 6), (3, 7, 9))
1582: ((3, 1, 8), (4, 2, 9), (7, 5, 6))
1583: ((1, 8, 2), (4, 7, 3), (5, 6, 9))
1584: ((1, 3, 6), (4, 2, 9), (7, 5, 8))
1585: ((4, 2, 6), (1, 5, 3), (9, 8, 7))
1586: ((1, 8, 2), (5, 9, 7), (4, 6, 3))
1587: ((2, 1, 8), (3, 6, 4), (7, 5, 9))
1588: ((1, 8, 2), (4, 9, 7), (5, 6, 3))
1589: ((2, 3, 8), (4, 1, 9), (7, 5, 6))
1590: ((2, 1, 6), (4, 8, 9), (5, 3, 7))
1591: ((1, 6, 8), (2, 4, 3), (7, 5, 9))
1592: ((2, 1, 8), (4, 6, 9), (7, 5, 3))
1593: ((1, 9, 8), (4, 2, 7), (5, 6, 3))
1594: ((1, 8, 2), (3, 4, 7), (9, 5, 6))
1595: ((4, 1, 6), (2, 8, 3), (5, 9, 7))
1596: ((4, 1, 6), (2, 3, 8), (7, 5, 9))
1597: ((3, 1, 8), (2, 4, 6), (5, 9, 7))
1598: ((3, 1, 8), (2, 4, 6), (5, 7, 9))
1599: ((5, 1, 8), (4, 3, 7), (2, 9, 6))
1600: ((1, 5, 8), (4, 3, 7), (2, 9, 6))
1601: ((3, 1, 8), (2, 4, 6), (7, 5, 9))
1602: ((1, 3, 6), (2, 4, 8), (7, 5, 9))
1603: ((4, 3, 8), (2, 1, 6), (7, 5, 9))
1604: ((1, 2, 8), (6, 9, 3), (4, 7, 5))
1605: ((1, 2, 6), (5, 9, 3), (7, 4, 8))
1606: ((1, 8, 2), (9, 5, 6), (4, 3, 7))
1607: ((1, 8, 2), (9, 3, 6), (4, 5, 7))
1608: ((1, 8, 2), (9, 5, 6), (4, 7, 3))
1609: ((1, 8, 2), (9, 5, 3), (4, 7, 6))
1610: ((1, 5, 2), (9, 8, 6), (4, 3, 7))
1611: ((1, 2, 6), (7, 8, 3), (5, 4, 9))
1612: ((1, 5, 2), (9, 3, 6), (4, 8, 7))
1613: ((1, 2, 6), (7, 3, 8), (4, 5, 9))
1614: ((1, 2, 8), (9, 3, 5), (4, 6, 7))
1615: ((1, 2, 8), (9, 3, 5), (4, 7, 6))
1616: ((1, 2, 8), (9, 7, 6), (4, 5, 3))
1617: ((1, 2, 8), (9, 7, 3), (4, 5, 6))
1618: ((2, 1, 6), (4, 9, 8), (7, 5, 3))
1619: ((1, 2, 8), (9, 3, 6), (4, 7, 5))
1620: ((1, 8, 3), (4, 2, 9), (5, 7, 6))
1621: ((1, 8, 3), (2, 4, 6), (5, 9, 7))
1622: ((1, 8, 3), (2, 4, 6), (5, 7, 9))
1623: ((1, 8, 3), (4, 2, 9), (7, 5, 6))
1624: ((1, 8, 3), (2, 4, 6), (7, 5, 9))
1625: ((2, 5, 6), (4, 8, 3), (1, 9, 7))
1626: ((1, 6, 2), (5, 8, 3), (7, 4, 9))
1627: ((1, 3, 8), (4, 6, 5), (2, 9, 7))
1628: ((1, 3, 8), (4, 6, 5), (2, 7, 9))
1629: ((4, 6, 2), (1, 8, 3), (5, 9, 7))
1630: ((8, 1, 2), (4, 6, 3), (7, 5, 9))
1631: ((8, 2, 1), (4, 3, 6), (7, 5, 9))
1632: ((1, 3, 8), (4, 5, 6), (7, 2, 9))
1633: ((8, 1, 6), (4, 3, 2), (7, 5, 9))
1634: ((1, 3, 2), (8, 5, 6), (9, 4, 7))
1635: ((1, 2, 3), (8, 5, 6), (9, 4, 7))
1636: ((2, 8, 1), (4, 6, 3), (7, 5, 9))
1637: ((1, 3, 2), (8, 4, 6), (9, 5, 7))
1638: ((4, 2, 8), (3, 5, 6), (1, 9, 7))
1639: ((4, 2, 8), (3, 5, 6), (1, 7, 9))
1640: ((1, 2, 8), (9, 4, 6), (7, 5, 3))
1641: ((1, 2, 6), (4, 3, 9), (5, 8, 7))
1642: ((1, 2, 8), (9, 4, 3), (7, 5, 6))
1643: ((4, 8, 6), (1, 3, 2), (7, 5, 9))
1644: ((2, 3, 1), (4, 8, 6), (7, 5, 9))
1645: ((4, 3, 8), (1, 6, 2), (7, 5, 9))
1646: ((1, 6, 2), (4, 8, 3), (7, 5, 9))
1647: ((1, 2, 6), (8, 5, 9), (4, 3, 7))
1648: ((1, 2, 6), (4, 5, 9), (8, 3, 7))
1649: ((3, 1, 8), (2, 4, 6), (9, 5, 7))
1650: ((3, 1, 8), (4, 2, 6), (9, 5, 7))
1651: ((3, 1, 8), (5, 4, 6), (9, 2, 7))
1652: ((3, 1, 8), (4, 5, 6), (9, 2, 7))
1653: ((4, 1, 8), (2, 3, 6), (9, 5, 7))
1654: ((1, 8, 2), (6, 3, 5), (4, 9, 7))
1655: ((1, 8, 2), (6, 3, 5), (4, 7, 9))
1656: ((4, 8, 3), (1, 2, 6), (7, 5, 9))
1657: ((1, 5, 2), (6, 8, 3), (4, 9, 7))
1658: ((1, 5, 2), (6, 8, 3), (4, 7, 9))
1659: ((1, 2, 8), (3, 7, 6), (9, 5, 4))
1660: ((3, 5, 2), (1, 8, 6), (4, 9, 7))
1661: ((3, 5, 2), (1, 8, 6), (4, 7, 9))
1662: ((1, 2, 3), (4, 8, 6), (7, 5, 9))
1663: ((1, 5, 6), (2, 3, 7), (4, 9, 8))
1664: ((4, 2, 8), (1, 5, 3), (9, 7, 6))
1665: ((4, 3, 2), (1, 8, 6), (7, 5, 9))
1666: ((1, 5, 8), (2, 6, 7), (4, 9, 3))
1667: ((1, 8, 2), (5, 3, 9), (4, 6, 7))
1668: ((2, 1, 8), (4, 3, 9), (5, 6, 7))
1669: ((1, 8, 2), (4, 3, 9), (5, 6, 7))
1670: ((1, 5, 6), (3, 8, 2), (4, 9, 7))
1671: ((1, 5, 6), (3, 8, 2), (4, 7, 9))
1672: ((3, 2, 8), (4, 1, 6), (7, 5, 9))
1673: ((4, 1, 8), (3, 2, 6), (7, 5, 9))
1674: ((5, 3, 8), (4, 1, 6), (2, 9, 7))
1675: ((5, 3, 8), (4, 1, 6), (2, 7, 9))
1676: ((4, 1, 8), (2, 6, 3), (7, 5, 9))
1677: ((2, 1, 6), (3, 4, 8), (7, 5, 9))
1678: ((1, 8, 2), (5, 4, 3), (7, 9, 6))
1679: ((4, 8, 2), (1, 6, 3), (7, 5, 9))
1680: ((1, 4, 8), (5, 2, 3), (7, 9, 6))
1681: ((1, 2, 6), (3, 8, 5), (9, 4, 7))
1682: ((1, 2, 6), (3, 4, 5), (9, 8, 7))
1683: ((1, 3, 6), (5, 4, 8), (9, 2, 7))
1684: ((1, 3, 6), (4, 5, 8), (9, 2, 7))
1685: ((1, 5, 8), (2, 7, 6), (4, 3, 9))
1686: ((3, 1, 8), (4, 6, 2), (7, 5, 9))
1687: ((4, 2, 3), (1, 6, 8), (7, 5, 9))
1688: ((8, 3, 2), (4, 1, 6), (7, 5, 9))
1689: ((4, 2, 6), (1, 8, 3), (7, 5, 9))
1690: ((1, 2, 6), (8, 5, 3), (9, 4, 7))
1691: ((1, 3, 2), (4, 6, 8), (7, 5, 9))
1692: ((1, 2, 6), (8, 4, 3), (9, 5, 7))
1693: ((1, 3, 6), (2, 4, 8), (9, 5, 7))
1694: ((1, 8, 2), (5, 3, 6), (9, 7, 4))
1695: ((1, 8, 2), (5, 3, 6), (7, 9, 4))
1696: ((1, 8, 2), (5, 6, 3), (9, 7, 4))
1697: ((1, 8, 2), (5, 3, 4), (9, 7, 6))
1698: ((1, 8, 2), (5, 6, 3), (7, 9, 4))
1699: ((1, 8, 2), (5, 3, 4), (7, 9, 6))
1700: ((1, 5, 2), (3, 8, 7), (4, 9, 6))
1701: ((1, 8, 2), (3, 5, 6), (9, 7, 4))
1702: ((1, 8, 2), (3, 5, 6), (7, 9, 4))
1703: ((3, 2, 1), (4, 8, 6), (5, 9, 7))
1704: ((3, 2, 8), (1, 9, 6), (4, 7, 5))
1705: ((3, 2, 8), (1, 9, 5), (4, 7, 6))
1706: ((2, 3, 6), (4, 1, 8), (7, 5, 9))
1707: ((1, 8, 3), (4, 6, 2), (7, 5, 9))
1708: ((3, 1, 2), (4, 8, 6), (7, 5, 9))
1709: ((1, 8, 3), (2, 4, 6), (9, 5, 7))
1710: ((1, 8, 3), (4, 2, 6), (9, 5, 7))
1711: ((3, 1, 2), (8, 5, 6), (4, 9, 7))
1712: ((3, 1, 2), (4, 5, 6), (8, 9, 7))
1713: ((3, 1, 2), (8, 5, 6), (4, 7, 9))
1714: ((1, 4, 8), (2, 3, 6), (7, 5, 9))
1715: ((3, 1, 6), (4, 2, 8), (7, 5, 9))
1716: ((1, 5, 2), (8, 3, 6), (4, 9, 7))
1717: ((1, 5, 2), (4, 3, 6), (8, 9, 7))
1718: ((1, 5, 2), (8, 3, 6), (4, 7, 9))
1719: ((1, 2, 8), (6, 3, 5), (9, 4, 7))
1720: ((1, 2, 8), (7, 3, 6), (5, 9, 4))
1721: ((2, 3, 8), (1, 4, 6), (7, 5, 9))
1722: ((1, 8, 3), (5, 4, 6), (9, 2, 7))
1723: ((1, 8, 3), (4, 5, 6), (9, 2, 7))
1724: ((4, 6, 2), (1, 3, 8), (7, 5, 9))
1725: ((1, 2, 6), (8, 3, 5), (4, 9, 7))
1726: ((1, 2, 6), (4, 3, 5), (8, 9, 7))
1727: ((1, 2, 6), (8, 3, 5), (4, 7, 9))
1728: ((2, 1, 6), (4, 8, 3), (7, 5, 9))
1729: ((1, 5, 3), (2, 6, 8), (4, 9, 7))
1730: ((2, 1, 3), (4, 6, 8), (7, 5, 9))
1731: ((1, 2, 8), (6, 4, 3), (5, 9, 7))
1732: ((1, 2, 8), (6, 4, 3), (5, 7, 9))
1733: ((1, 2, 8), (6, 4, 3), (7, 5, 9))
1734: ((2, 1, 8), (6, 4, 3), (5, 9, 7))
1735: ((2, 1, 8), (6, 4, 3), (5, 7, 9))
1736: ((1, 5, 8), (2, 9, 7), (4, 3, 6))
1737: ((1, 4, 8), (6, 2, 3), (5, 9, 7))
1738: ((1, 4, 8), (6, 2, 3), (5, 7, 9))
1739: ((2, 1, 8), (6, 4, 3), (7, 5, 9))
1740: ((1, 4, 8), (6, 2, 3), (7, 5, 9))
1741: ((1, 5, 8), (2, 6, 9), (4, 3, 7))
1742: ((1, 2, 3), (6, 8, 5), (4, 9, 7))
1743: ((1, 2, 3), (6, 8, 5), (4, 7, 9))
1744: ((3, 4, 8), (1, 2, 6), (5, 9, 7))
1745: ((3, 4, 8), (1, 2, 6), (5, 7, 9))
1746: ((3, 2, 6), (4, 1, 8), (5, 9, 7))
1747: ((3, 4, 8), (1, 2, 6), (7, 5, 9))
1748: ((1, 6, 8), (4, 3, 2), (7, 5, 9))
1749: ((2, 8, 3), (4, 1, 6), (7, 5, 9))
1750: ((4, 6, 8), (1, 2, 3), (7, 5, 9))
1751: ((4, 3, 6), (1, 2, 8), (7, 5, 9))
1752: ((1, 6, 3), (4, 2, 8), (7, 5, 9))
1753: ((1, 3, 6), (4, 8, 2), (7, 5, 9))
1754: ((1, 8, 3), (4, 2, 7), (5, 6, 9))
1755: ((1, 3, 8), (2, 4, 7), (9, 5, 6))
1756: ((1, 5, 8), (2, 3, 6), (9, 7, 4))
1757: ((2, 5, 6), (1, 8, 3), (9, 4, 7))
1758: ((1, 5, 6), (2, 3, 8), (9, 4, 7))
1759: ((3, 2, 6), (1, 8, 5), (4, 9, 7))
1760: ((3, 2, 6), (1, 8, 5), (4, 7, 9))
1761: ((2, 4, 8), (1, 6, 3), (7, 5, 9))
1762: ((2, 1, 8), (5, 4, 3), (7, 9, 6))
1763: ((1, 5, 8), (2, 9, 3), (4, 6, 7))
1764: ((1, 5, 8), (2, 3, 7), (9, 4, 6))
1765: ((1, 5, 8), (2, 4, 6), (9, 3, 7))
1766: ((5, 2, 8), (1, 4, 3), (7, 9, 6))
1767: ((1, 5, 6), (2, 9, 8), (4, 3, 7))
1768: ((1, 2, 3), (4, 7, 8), (5, 6, 9))
1769: ((1, 3, 2), (4, 8, 7), (5, 6, 9))
1770: ((1, 6, 8), (4, 2, 9), (5, 7, 3))
1771: ((8, 2, 1), (4, 3, 7), (5, 9, 6))
1772: ((1, 6, 8), (4, 2, 9), (7, 5, 3))
1773: ((8, 1, 2), (4, 7, 3), (5, 9, 6))
1774: ((1, 7, 8), (5, 2, 3), (4, 9, 6))
1775: ((1, 7, 8), (4, 2, 3), (5, 9, 6))
1776: ((1, 7, 8), (2, 5, 3), (4, 9, 6))
1777: ((1, 7, 8), (5, 2, 6), (4, 9, 3))
1778: ((1, 7, 8), (5, 2, 3), (4, 6, 9))
1779: ((1, 2, 6), (4, 8, 9), (5, 7, 3))
1780: ((1, 7, 8), (4, 2, 6), (5, 9, 3))
1781: ((1, 7, 8), (4, 2, 3), (5, 6, 9))
1782: ((1, 2, 6), (4, 8, 9), (7, 5, 3))
1783: ((1, 8, 2), (4, 6, 9), (5, 7, 3))
1784: ((1, 8, 2), (4, 6, 9), (7, 5, 3))
1785: ((1, 6, 3), (4, 8, 2), (5, 9, 7))
1786: ((5, 4, 8), (3, 2, 6), (1, 9, 7))
1787: ((5, 4, 8), (3, 2, 6), (1, 7, 9))
1788: ((1, 5, 8), (2, 6, 3), (9, 4, 7))
1789: ((1, 8, 6), (4, 9, 2), (5, 7, 3))
1790: ((2, 8, 1), (4, 7, 3), (5, 9, 6))
1791: ((1, 8, 6), (4, 9, 2), (7, 5, 3))
1792: ((2, 3, 8), (1, 4, 6), (9, 5, 7))
1793: ((2, 1, 8), (4, 7, 9), (5, 3, 6))
1794: ((1, 2, 8), (5, 7, 9), (4, 6, 3))
1795: ((1, 2, 8), (7, 5, 9), (4, 6, 3))
1796: ((1, 2, 8), (4, 5, 9), (7, 6, 3))
1797: ((1, 2, 8), (4, 7, 9), (5, 6, 3))
1798: ((4, 1, 8), (2, 3, 7), (5, 9, 6))
1799: ((1, 8, 2), (5, 9, 3), (4, 6, 7))
1800: ((1, 8, 2), (4, 9, 3), (5, 6, 7))
1801: ((1, 8, 3), (5, 9, 2), (4, 6, 7))
1802: ((1, 8, 3), (5, 9, 2), (4, 7, 6))
1803: ((1, 8, 2), (7, 3, 6), (5, 4, 9))
1804: ((1, 8, 3), (4, 9, 2), (5, 6, 7))
1805: ((1, 8, 2), (7, 3, 6), (4, 5, 9))
1806: ((1, 8, 2), (5, 7, 6), (4, 3, 9))
1807: ((1, 8, 2), (7, 5, 6), (4, 3, 9))
1808: ((1, 8, 2), (4, 5, 6), (7, 3, 9))
1809: ((1, 8, 2), (4, 7, 6), (5, 3, 9))
1810: ((1, 8, 2), (5, 7, 9), (4, 3, 6))
1811: ((1, 8, 2), (7, 5, 9), (4, 3, 6))
1812: ((1, 8, 2), (4, 5, 9), (7, 3, 6))
1813: ((1, 7, 8), (5, 2, 6), (4, 3, 9))
1814: ((1, 7, 8), (4, 2, 6), (5, 3, 9))
1815: ((1, 7, 8), (2, 5, 6), (4, 3, 9))
1816: ((1, 7, 8), (5, 2, 9), (4, 3, 6))
1817: ((1, 8, 2), (4, 7, 9), (5, 3, 6))
1818: ((1, 7, 8), (4, 2, 9), (5, 3, 6))
1819: ((1, 6, 8), (2, 4, 3), (9, 5, 7))
1820: ((1, 9, 8), (4, 6, 2), (5, 7, 3))
1821: ((1, 6, 8), (4, 2, 3), (9, 5, 7))
1822: ((1, 9, 8), (4, 6, 2), (7, 5, 3))
1823: ((1, 6, 8), (5, 4, 3), (9, 2, 7))
1824: ((1, 6, 8), (4, 5, 3), (9, 2, 7))
1825: ((1, 5, 2), (4, 8, 6), (3, 9, 7))
1826: ((1, 5, 2), (4, 8, 6), (3, 7, 9))
1827: ((1, 3, 2), (8, 5, 7), (4, 9, 6))
1828: ((1, 2, 3), (8, 5, 7), (4, 9, 6))
1829: ((1, 3, 2), (4, 5, 7), (8, 9, 6))
1830: ((1, 8, 3), (4, 7, 2), (5, 9, 6))
1831: ((1, 2, 8), (7, 4, 3), (9, 5, 6))
1832: ((1, 4, 6), (3, 2, 8), (5, 9, 7))
1833: ((1, 4, 6), (3, 2, 8), (5, 7, 9))
1834: ((1, 3, 8), (2, 4, 7), (5, 9, 6))
1835: ((1, 4, 6), (3, 2, 8), (7, 5, 9))
1836: ((1, 3, 8), (5, 7, 2), (4, 9, 6))
1837: ((1, 3, 8), (7, 5, 2), (4, 9, 6))
1838: ((1, 3, 8), (4, 5, 2), (7, 9, 6))
1839: ((1, 3, 8), (4, 7, 2), (5, 9, 6))
1840: ((1, 3, 8), (5, 7, 2), (4, 6, 9))
1841: ((1, 3, 8), (7, 5, 2), (4, 6, 9))
1842: ((1, 3, 8), (4, 5, 2), (7, 6, 9))
1843: ((5, 1, 8), (4, 3, 6), (7, 2, 9))
1844: ((1, 3, 8), (4, 7, 2), (5, 6, 9))
1845: ((1, 2, 6), (5, 4, 3), (9, 7, 8))
1846: ((1, 2, 6), (4, 5, 3), (9, 7, 8))
1847: ((1, 8, 6), (3, 5, 2), (9, 4, 7))
1848: ((1, 8, 6), (3, 4, 2), (9, 5, 7))
1849: ((1, 2, 8), (5, 6, 4), (9, 3, 7))
1850: ((2, 1, 8), (5, 6, 4), (9, 3, 7))
1851: ((1, 2, 8), (5, 6, 4), (9, 7, 3))
1852: ((1, 2, 8), (5, 6, 4), (7, 9, 3))
1853: ((1, 2, 8), (5, 3, 4), (9, 6, 7))
1854: ((3, 2, 8), (4, 1, 7), (5, 9, 6))
1855: ((1, 2, 8), (7, 3, 9), (4, 5, 6))
1856: ((1, 3, 8), (5, 4, 7), (9, 2, 6))
1857: ((1, 3, 8), (4, 5, 7), (9, 2, 6))
1858: ((1, 2, 8), (7, 6, 3), (4, 5, 9))
1859: ((1, 3, 2), (4, 9, 6), (5, 7, 8))
1860: ((5, 2, 6), (1, 8, 3), (7, 4, 9))
1861: ((1, 3, 2), (4, 9, 6), (7, 5, 8))
1862: ((2, 1, 8), (4, 6, 7), (5, 3, 9))
1863: ((1, 3, 8), (4, 5, 7), (2, 9, 6))
1864: ((1, 3, 2), (4, 8, 9), (5, 7, 6))
1865: ((1, 3, 2), (4, 8, 9), (7, 5, 6))
1866: ((5, 3, 8), (1, 4, 6), (9, 2, 7))
1867: ((1, 8, 2), (5, 6, 7), (4, 9, 3))
1868: ((1, 8, 2), (4, 6, 7), (5, 9, 3))
1869: ((1, 3, 2), (4, 7, 6), (5, 8, 9))
1870: ((1, 4, 6), (5, 2, 8), (9, 3, 7))
1871: ((1, 4, 8), (5, 2, 3), (9, 6, 7))
1872: ((2, 1, 8), (4, 7, 6), (5, 9, 3))
1873: ((1, 8, 2), (3, 7, 6), (4, 5, 9))
1874: ((2, 1, 8), (4, 7, 3), (5, 6, 9))
1875: ((1, 5, 8), (3, 4, 6), (9, 2, 7))
1876: ((1, 5, 8), (4, 3, 6), (9, 2, 7))
1877: ((1, 2, 8), (6, 7, 3), (4, 5, 9))
1878: ((2, 1, 6), (4, 7, 3), (5, 9, 8))
1879: ((1, 2, 8), (3, 4, 6), (9, 7, 5))
1880: ((1, 2, 8), (3, 4, 6), (7, 9, 5))
1881: ((1, 4, 8), (3, 2, 6), (9, 5, 7))
1882: ((1, 3, 8), (5, 7, 6), (4, 2, 9))
1883: ((1, 3, 8), (7, 5, 6), (4, 2, 9))
1884: ((1, 3, 8), (4, 7, 6), (5, 2, 9))
1885: ((1, 3, 8), (5, 7, 9), (4, 2, 6))
1886: ((1, 3, 8), (7, 5, 9), (4, 2, 6))
1887: ((1, 3, 8), (4, 5, 9), (7, 2, 6))
1888: ((1, 3, 8), (4, 7, 9), (5, 2, 6))
1889: ((5, 3, 8), (2, 4, 6), (1, 9, 7))
1890: ((5, 3, 8), (2, 4, 6), (1, 7, 9))
1891: ((1, 6, 2), (3, 8, 5), (4, 9, 7))
1892: ((1, 6, 2), (3, 8, 5), (4, 7, 9))
1893: ((1, 9, 8), (5, 3, 2), (4, 6, 7))
1894: ((1, 9, 8), (5, 2, 3), (4, 6, 7))
1895: ((1, 9, 8), (5, 3, 2), (4, 7, 6))
1896: ((1, 9, 8), (4, 3, 2), (5, 6, 7))
1897: ((1, 6, 2), (8, 5, 3), (4, 9, 7))
1898: ((1, 6, 2), (4, 5, 3), (8, 9, 7))
1899: ((1, 6, 2), (8, 5, 3), (4, 7, 9))
1900: ((1, 8, 6), (4, 2, 9), (5, 3, 7))
1901: ((2, 8, 1), (4, 3, 7), (5, 6, 9))
1902: ((1, 5, 8), (6, 3, 2), (4, 9, 7))
1903: ((1, 5, 8), (6, 3, 2), (4, 7, 9))
1904: ((2, 8, 1), (3, 5, 7), (4, 9, 6))
1905: ((1, 8, 6), (4, 2, 3), (7, 5, 9))
1906: ((2, 8, 1), (4, 3, 9), (5, 7, 6))
1907: ((2, 8, 1), (4, 3, 9), (7, 5, 6))
1908: ((2, 3, 1), (8, 5, 6), (4, 9, 7))
1909: ((2, 3, 1), (4, 5, 6), (8, 9, 7))
1910: ((2, 3, 1), (8, 5, 6), (4, 7, 9))
1911: ((2, 5, 1), (3, 8, 6), (4, 9, 7))
1912: ((2, 5, 1), (3, 8, 6), (4, 7, 9))
1913: ((4, 8, 1), (2, 3, 6), (5, 9, 7))
1914: ((4, 8, 1), (2, 3, 6), (5, 7, 9))
1915: ((1, 2, 6), (4, 9, 3), (5, 7, 8))
1916: ((4, 8, 1), (2, 3, 6), (7, 5, 9))
1917: ((1, 2, 6), (4, 9, 3), (7, 5, 8))
1918: ((1, 3, 8), (5, 4, 6), (7, 2, 9))
1919: ((1, 5, 8), (2, 9, 6), (4, 7, 3))
1920: ((1, 5, 8), (2, 9, 3), (4, 7, 6))
1921: ((1, 2, 6), (4, 8, 5), (3, 9, 7))
1922: ((1, 2, 6), (4, 8, 5), (3, 7, 9))
1923: ((8, 1, 6), (3, 5, 2), (4, 9, 7))
1924: ((8, 1, 6), (3, 5, 2), (4, 7, 9))
1925: ((8, 1, 2), (4, 3, 7), (5, 6, 9))
1926: ((8, 1, 3), (4, 6, 2), (5, 9, 7))
1927: ((8, 1, 2), (3, 5, 7), (4, 9, 6))
1928: ((8, 3, 1), (4, 2, 6), (5, 9, 7))
1929: ((8, 1, 2), (4, 3, 9), (5, 7, 6))
1930: ((8, 2, 1), (4, 6, 3), (5, 9, 7))
1931: ((8, 1, 2), (4, 3, 9), (7, 5, 6))
1932: ((2, 1, 8), (3, 4, 9), (5, 7, 6))
1933: ((2, 1, 8), (3, 4, 9), (7, 5, 6))
1934: ((4, 8, 1), (2, 6, 3), (5, 9, 7))
1935: ((1, 3, 8), (5, 4, 9), (7, 2, 6))
1936: ((8, 1, 6), (3, 2, 5), (4, 9, 7))
1937: ((8, 1, 2), (3, 5, 7), (4, 6, 9))
1938: ((4, 2, 6), (1, 8, 5), (3, 9, 7))
1939: ((1, 8, 3), (5, 6, 2), (7, 4, 9))
1940: ((5, 8, 6), (1, 3, 2), (7, 4, 9))
1941: ((2, 1, 8), (3, 7, 9), (4, 5, 6))
1942: ((5, 8, 6), (1, 2, 3), (7, 4, 9))
1943: ((5, 1, 8), (2, 9, 6), (4, 3, 7))
1944: ((5, 1, 8), (2, 9, 6), (4, 7, 3))
1945: ((5, 1, 8), (2, 9, 3), (4, 7, 6))
1946: ((5, 1, 8), (4, 9, 6), (2, 3, 7))
1947: ((1, 5, 8), (4, 9, 6), (2, 3, 7))
1948: ((1, 5, 8), (3, 2, 9), (4, 6, 7))
1949: ((2, 8, 1), (3, 5, 7), (4, 6, 9))
1950: ((1, 3, 6), (2, 5, 8), (7, 4, 9))
1951: ((5, 1, 8), (2, 9, 6), (7, 4, 3))
1952: ((5, 1, 8), (2, 9, 3), (7, 4, 6))
1953: ((2, 5, 8), (1, 6, 3), (7, 4, 9))
1954: ((1, 5, 3), (4, 2, 8), (6, 9, 7))
1955: ((4, 2, 3), (1, 5, 8), (6, 9, 7))
1956: ((5, 3, 6), (1, 8, 2), (4, 9, 7))
1957: ((5, 3, 6), (1, 8, 2), (4, 7, 9))
1958: ((1, 2, 8), (6, 3, 5), (7, 4, 9))
1959: ((5, 3, 6), (4, 8, 2), (1, 9, 7))
1960: ((5, 8, 2), (4, 3, 7), (1, 6, 9))
1961: ((1, 9, 8), (4, 2, 3), (5, 6, 7))
1962: ((5, 2, 3), (1, 9, 8), (4, 6, 7))
1963: ((5, 2, 3), (1, 9, 8), (4, 7, 6))
1964: ((1, 2, 3), (7, 5, 6), (4, 8, 9))
1965: ((5, 2, 3), (4, 9, 8), (1, 6, 7))
1966: ((1, 2, 3), (4, 5, 6), (7, 8, 9))
