['neg', 'pos']
0, 0
1, 1
2, 0
3, 1
4, 1
5, 0
6, 1
7, 0
8, 0
9, 1
10, 1
11, 1
12, 1
13, 0
14, 1
15, 0
16, 1
17, 0
18, 0
19, 1
20, 1
21, 1
22, 0
23, 1
24, 0
25, 0
26, 1
27, 1
28, 1
29, 1
30, 1
31, 1
32, 1
33, 0
34, 1
35, 1
36, 1
37, 0
38, 0
39, 1
40, 0
41, 1
42, 1
43, 1
44, 1
45, 1
46, 0
47, 0
48, 0
49, 1
50, 1
51, 0
52, 1
53, 1
54, 1
55, 1
56, 1
57, 1
58, 0
59, 0
60, 0
61, 1
62, 0
63, 1
64, 0
65, 0
66, 0
67, 1
68, 0
69, 1
70, 0
71, 1
72, 0
73, 1
74, 1
75, 0
76, 1
77, 1
78, 0
79, 1
80, 0
81, 0
82, 0
83, 1
84, 0
85, 0
86, 1
87, 0
88, 1
89, 0
90, 1
91, 1
92, 1
93, 0
94, 1
95, 1
96, 1
97, 1
98, 1
99, 0
100, 0
101, 0
102, 0
103, 0
104, 0
105, 0
106, 0
107, 1
108, 1
109, 0
110, 0
111, 1
112, 0
113, 1
114, 1
115, 0
116, 0
117, 1
118, 1
119, 0
120, 0
121, 0
122, 0
123, 0
124, 1
125, 0
126, 0
127, 1
128, 0
129, 0
130, 0
131, 1
132, 1
133, 0
134, 1
135, 1
136, 0
137, 1
138, 0
139, 1
140, 1
141, 1
142, 0
143, 0
144, 0
145, 0
146, 1
147, 1
148, 0
149, 1
150, 1
151, 0
152, 1
153, 1
154, 0
155, 1
156, 1
157, 1
158, 1
159, 1
160, 1
161, 0
162, 0
163, 1
164, 1
165, 0
166, 0
167, 0
168, 1
169, 1
170, 1
171, 1
172, 0
173, 1
174, 1
175, 1
176, 1
177, 0
178, 1
179, 1
180, 0
181, 0
182, 1
183, 1
184, 0
185, 0
186, 1
187, 0
188, 1
189, 0
190, 0
191, 0
192, 1
193, 0
194, 0
195, 0
196, 1
197, 0
198, 1
199, 1
200, 1
201, 1
202, 0
203, 1
204, 1
205, 0
206, 0
207, 1
208, 0
209, 1
210, 1
211, 1
212, 0
213, 1
214, 1
215, 0
216, 1
217, 1
218, 1
219, 0
220, 0
221, 1
222, 0
223, 1
224, 1
225, 0
226, 1
227, 0
228, 1
229, 0
230, 0
231, 1
232, 0
233, 1
234, 0
235, 0
236, 0
237, 1
238, 1
239, 0
240, 1
241, 1
242, 0
243, 0
244, 1
245, 0
246, 0
247, 1
248, 1
249, 0
250, 1
251, 0
252, 0
253, 0
254, 1
255, 1
256, 0
257, 1
258, 0
259, 0
260, 0
261, 0
262, 1
263, 1
264, 1
265, 0
266, 0
267, 0
268, 0
269, 0
270, 1
271, 1
272, 1
273, 0
274, 0
275, 0
276, 0
277, 0
278, 0
279, 1
280, 1
281, 0
282, 0
283, 0
284, 1
285, 0
286, 0
287, 0
288, 0
289, 0
290, 0
291, 1
292, 1
293, 0
294, 0
295, 1
296, 0
297, 1
298, 1
299, 1
300, 1
301, 1
302, 1
303, 0
304, 0
305, 1
306, 0
307, 1
308, 0
309, 0
310, 0
311, 1
312, 1
313, 1
314, 1
315, 1
316, 1
317, 0
318, 1
319, 1
320, 1
321, 0
322, 0
323, 0
324, 0
325, 1
326, 0
327, 0
328, 0
329, 1
330, 1
331, 1
332, 0
333, 0
334, 1
335, 0
336, 0
337, 1
338, 0
339, 1
340, 1
341, 0
342, 1
343, 0
344, 1
345, 1
346, 0
347, 0
348, 1
349, 0
350, 0
351, 0
352, 1
353, 0
354, 0
355, 0
356, 0
357, 1
358, 1
359, 1
360, 0
361, 0
362, 1
363, 0
364, 0
365, 0
366, 1
367, 1
368, 1
369, 0
370, 1
371, 0
372, 1
373, 1
374, 1
375, 0
376, 1
377, 0
378, 0
379, 0
380, 1
381, 1
382, 0
383, 0
384, 0
385, 1
386, 1
387, 1
388, 0
389, 0
390, 1
391, 1
392, 1
393, 0
394, 1
395, 0
396, 1
397, 1
398, 1
399, 0
400, 0
401, 1
402, 0
403, 1
404, 1
405, 0
406, 1
407, 0
408, 1
409, 0
410, 0
411, 0
412, 0
413, 1
414, 1
415, 1
416, 1
417, 1
418, 1
419, 1
420, 0
421, 1
422, 0
423, 0
424, 1
425, 0
426, 1
427, 0
428, 1
429, 0
430, 0
431, 1
432, 1
433, 0
434, 1
435, 1
436, 0
437, 1
438, 0
439, 0
440, 1
441, 1
442, 0
443, 0
444, 0
445, 0
446, 1
447, 1
448, 0
449, 1
450, 0
451, 0
452, 0
453, 1
454, 1
455, 1
456, 1
457, 1
458, 1
459, 0
460, 0
461, 0
462, 0
463, 1
464, 0
465, 0
466, 1
467, 0
468, 1
469, 0
470, 1
471, 1
472, 0
473, 1
474, 0
475, 0
476, 1
477, 0
478, 1
479, 0
480, 1
481, 0
482, 1
483, 0
484, 1
485, 0
486, 1
487, 0
488, 1
489, 0
490, 1
491, 1
492, 0
493, 1
494, 0
495, 1
496, 0
497, 0
498, 0
499, 1
500, 1
501, 1
502, 0
503, 0
504, 0
505, 1
506, 0
507, 1
508, 1
509, 1
510, 1
511, 1
512, 1
513, 1
514, 0
515, 0
516, 1
517, 1
518, 1
519, 0
520, 1
521, 1
522, 1
523, 0
524, 0
525, 1
526, 0
527, 0
528, 1
529, 0
530, 0
531, 0
532, 1
533, 1
534, 1
535, 1
536, 1
537, 0
538, 0
539, 1
540, 0
541, 0
542, 1
543, 1
544, 0
545, 1
546, 1
547, 1
548, 0
549, 0
550, 1
551, 1
552, 1
553, 1
554, 1
555, 0
556, 0
557, 1
558, 1
559, 1
560, 1
561, 1
562, 0
563, 0
564, 1
565, 0
566, 0
567, 0
568, 1
569, 0
570, 0
571, 0
572, 1
573, 1
574, 0
575, 0
576, 1
577, 0
578, 0
579, 1
580, 0
581, 1
582, 0
583, 0
584, 0
585, 1
586, 1
587, 0
588, 1
589, 0
590, 0
591, 1
592, 1
593, 1
594, 0
595, 1
596, 1
597, 0
598, 0
599, 0
600, 1
601, 0
602, 0
603, 0
604, 0
605, 1
606, 0
607, 1
608, 0
609, 0
610, 0
611, 1
612, 0
613, 1
614, 0
615, 0
616, 0
617, 0
618, 0
619, 1
620, 1
621, 1
622, 0
623, 0
624, 0
625, 1
626, 0
627, 0
628, 0
629, 0
630, 0
631, 1
632, 1
633, 0
634, 1
635, 1
636, 1
637, 0
638, 0
639, 1
640, 1
641, 0
642, 0
643, 0
644, 1
645, 0
646, 0
647, 1
648, 1
649, 0
650, 1
651, 0
652, 1
653, 1
654, 1
655, 0
656, 0
657, 1
658, 0
659, 1
660, 1
661, 1
662, 0
663, 1
664, 0
665, 0
666, 0
667, 0
668, 1
669, 1
670, 0
671, 0
672, 0
673, 1
674, 0
675, 1
676, 0
677, 1
678, 0
679, 1
680, 0
681, 1
682, 0
683, 0
684, 1
685, 0
686, 0
687, 0
688, 0
689, 1
690, 1
691, 1
692, 0
693, 0
694, 0
695, 1
696, 1
697, 1
698, 1
699, 1
700, 1
701, 0
702, 0
703, 1
704, 0
705, 1
706, 1
707, 0
708, 0
709, 1
710, 0
711, 1
712, 1
713, 0
714, 1
715, 1
716, 1
717, 1
718, 1
719, 1
720, 0
721, 0
722, 1
723, 1
724, 1
725, 0
726, 1
727, 0
728, 1
729, 0
730, 0
731, 0
732, 1
733, 0
734, 1
735, 0
736, 0
737, 1
738, 1
739, 0
740, 0
741, 1
742, 1
743, 1
744, 0
745, 0
746, 1
747, 1
748, 1
749, 0
750, 1
751, 1
752, 1
753, 0
754, 0
755, 0
756, 0
757, 0
758, 1
759, 0
760, 0
761, 0
762, 1
763, 0
764, 0
765, 0
766, 1
767, 0
768, 0
769, 0
770, 1
771, 0
772, 1
773, 1
774, 0
775, 1
776, 1
777, 1
778, 1
779, 0
780, 1
781, 0
782, 0
783, 1
784, 1
785, 1
786, 0
787, 0
788, 0
789, 0
790, 0
791, 0
792, 1
793, 0
794, 1
795, 0
796, 0
797, 0
798, 0
799, 1
800, 1
801, 1
802, 1
803, 1
804, 0
805, 1
806, 0
807, 0
808, 0
809, 0
810, 1
811, 0
812, 1
813, 0
814, 1
815, 1
816, 1
817, 1
818, 1
819, 0
820, 0
821, 0
822, 1
823, 0
824, 1
825, 1
826, 1
827, 1
828, 1
829, 1
830, 0
831, 1
832, 1
833, 1
834, 0
835, 1
836, 1
837, 1
838, 0
839, 0
840, 0
841, 1
842, 1
843, 0
844, 0
845, 1
846, 0
847, 0
848, 0
849, 1
850, 0
851, 0
852, 1
853, 0
854, 0
855, 0
856, 0
857, 1
858, 1
859, 1
860, 1
861, 0
862, 0
863, 0
864, 0
865, 0
866, 0
867, 1
868, 1
869, 0
870, 1
871, 0
872, 0
873, 0
874, 1
875, 1
876, 0
877, 1
878, 1
879, 0
880, 1
881, 1
882, 1
883, 0
884, 0
885, 0
886, 0
887, 0
888, 1
889, 1
890, 0
891, 0
892, 1
893, 0
894, 0
895, 1
896, 1
897, 1
898, 0
899, 0
900, 0
901, 1
902, 0
903, 1
904, 0
905, 0
906, 0
907, 1
908, 1
909, 0
910, 0
911, 1
912, 1
913, 0
914, 1
915, 0
916, 0
917, 1
918, 1
919, 1
920, 1
921, 0
922, 0
923, 1
924, 0
925, 1
926, 0
927, 1
928, 0
929, 1
930, 1
931, 1
932, 1
933, 1
934, 1
935, 0
936, 1
937, 0
938, 0
939, 1
940, 0
941, 1
942, 1
943, 0
944, 1
945, 0
946, 0
947, 1
948, 1
949, 1
950, 0
951, 0
952, 0
953, 0
954, 1
955, 0
956, 0
957, 1
958, 1
959, 0
960, 0
961, 1
962, 1
963, 1
964, 0
965, 1
966, 0
967, 0
968, 0
969, 0
970, 1
971, 1
972, 1
973, 0
974, 0
975, 1
976, 0
977, 0
978, 1
979, 1
980, 1
981, 1
982, 1
983, 1
984, 1
985, 0
986, 0
987, 0
988, 1
989, 1
990, 0
991, 0
992, 1
993, 1
994, 1
995, 0
996, 1
997, 1
998, 0
999, 0
1000, 1
1001, 1
1002, 1
1003, 1
1004, 1
1005, 1
1006, 0
1007, 0
1008, 1
1009, 0
1010, 1
1011, 1
1012, 0
1013, 0
1014, 1
1015, 0
1016, 0
1017, 0
1018, 1
1019, 0
1020, 1
1021, 1
1022, 0
1023, 1
1024, 1
1025, 1
1026, 0
1027, 1
1028, 1
1029, 0
1030, 1
1031, 1
1032, 1
1033, 0
1034, 1
1035, 0
1036, 0
1037, 0
1038, 0
1039, 0
1040, 1
1041, 1
1042, 0
1043, 0
1044, 0
1045, 1
1046, 0
1047, 0
1048, 0
1049, 1
1050, 0
1051, 0
1052, 1
1053, 1
1054, 1
1055, 0
1056, 0
1057, 0
1058, 1
1059, 1
1060, 1
1061, 0
1062, 0
1063, 1
1064, 0
1065, 1
1066, 0
1067, 1
1068, 1
1069, 1
1070, 1
1071, 1
1072, 0
1073, 1
1074, 0
1075, 1
1076, 0
1077, 1
1078, 1
1079, 0
1080, 1
1081, 1
1082, 0
1083, 1
1084, 1
1085, 0
1086, 1
1087, 1
1088, 0
1089, 1
1090, 0
1091, 0
1092, 1
1093, 0
1094, 0
1095, 1
1096, 1
1097, 0
1098, 0
1099, 1
1100, 1
1101, 0
1102, 1
1103, 1
1104, 1
1105, 0
1106, 0
1107, 0
1108, 1
1109, 0
1110, 0
1111, 1
1112, 1
1113, 1
1114, 0
1115, 0
1116, 0
1117, 1
1118, 1
1119, 0
1120, 0
1121, 1
1122, 1
1123, 1
1124, 1
1125, 0
1126, 0
1127, 1
1128, 0
1129, 0
1130, 1
1131, 1
1132, 1
1133, 1
1134, 0
1135, 1
1136, 0
1137, 1
1138, 1
1139, 0
1140, 1
1141, 0
1142, 1
1143, 1
1144, 1
1145, 1
1146, 1
1147, 1
1148, 0
1149, 0
1150, 0
1151, 0
1152, 0
1153, 0
1154, 1
1155, 0
1156, 1
1157, 0
1158, 1
1159, 1
1160, 1
1161, 1
1162, 1
1163, 1
1164, 1
1165, 0
1166, 0
1167, 1
1168, 0
1169, 0
1170, 0
1171, 1
1172, 0
1173, 0
1174, 1
1175, 0
1176, 1
1177, 0
1178, 1
1179, 0
1180, 0
1181, 1
1182, 0
1183, 1
1184, 1
1185, 1
1186, 1
1187, 0
1188, 1
1189, 0
1190, 0
1191, 1
1192, 1
1193, 1
1194, 0
1195, 1
1196, 1
1197, 1
1198, 0
1199, 0
1200, 1
1201, 1
1202, 0
1203, 0
1204, 0
1205, 0
1206, 0
1207, 0
1208, 0
1209, 1
1210, 1
1211, 1
1212, 0
1213, 0
1214, 0
1215, 1
1216, 1
1217, 0
1218, 1
1219, 0
1220, 1
1221, 1
1222, 0
1223, 1
1224, 1
1225, 1
1226, 0
1227, 0
1228, 1
1229, 0
1230, 0
1231, 1
1232, 0
1233, 1
1234, 1
1235, 1
1236, 0
1237, 0
1238, 1
1239, 1
1240, 1
1241, 1
1242, 1
1243, 0
1244, 1
1245, 1
1246, 0
1247, 0
1248, 0
1249, 0
1250, 0
1251, 0
1252, 0
1253, 1
1254, 1
1255, 0
1256, 1
1257, 1
1258, 1
1259, 1
1260, 0
1261, 1
1262, 1
1263, 1
1264, 0
1265, 0
1266, 0
1267, 0
1268, 0
1269, 0
1270, 1
1271, 0
1272, 1
1273, 0
1274, 0
1275, 0
1276, 1
1277, 1
1278, 0
1279, 1
1280, 1
1281, 1
1282, 0
1283, 0
1284, 0
1285, 1
1286, 1
1287, 0
1288, 1
1289, 0
1290, 0
1291, 0
1292, 1
1293, 1
1294, 0
1295, 1
1296, 0
1297, 1
1298, 1
1299, 0
1300, 1
1301, 0
1302, 1
1303, 0
1304, 1
1305, 1
1306, 1
1307, 1
1308, 0
1309, 0
1310, 0
1311, 0
1312, 0
1313, 0
1314, 0
1315, 1
1316, 0
1317, 1
1318, 0
1319, 1
1320, 0
1321, 1
1322, 1
1323, 0
1324, 0
1325, 0
1326, 0
1327, 0
1328, 0
1329, 0
1330, 1
1331, 0
1332, 0
1333, 1
1334, 0
1335, 0
1336, 0
1337, 0
1338, 0
1339, 1
1340, 0
1341, 1
1342, 0
1343, 1
1344, 0
1345, 0
1346, 1
1347, 1
1348, 1
1349, 0
1350, 0
1351, 0
1352, 1
1353, 0
1354, 0
1355, 1
1356, 0
1357, 1
1358, 1
1359, 1
1360, 0
1361, 1
1362, 0
1363, 0
1364, 0
1365, 0
1366, 0
1367, 0
1368, 0
1369, 1
1370, 0
1371, 0
1372, 0
1373, 0
1374, 0
1375, 0
1376, 0
1377, 0
1378, 1
1379, 1
1380, 1
1381, 1
1382, 0
1383, 0
1384, 1
1385, 1
1386, 0
1387, 0
1388, 1
1389, 1
1390, 1
1391, 1
1392, 0
1393, 0
1394, 1
1395, 0
1396, 1
1397, 0
1398, 1
1399, 1
1400, 0
1401, 1
1402, 1
1403, 1
1404, 0
1405, 1
1406, 1
1407, 1
1408, 0
1409, 0
1410, 1
1411, 1
1412, 0
1413, 0
1414, 1
1415, 0
1416, 0
1417, 0
1418, 1
1419, 0
1420, 0
1421, 1
1422, 0
1423, 0
1424, 0
1425, 1
1426, 0
1427, 0
1428, 0
1429, 1
1430, 1
1431, 0
1432, 1
1433, 1
1434, 1
1435, 0
1436, 0
1437, 0
1438, 0
1439, 0
1440, 0
1441, 0
1442, 1
1443, 1
1444, 0
1445, 1
1446, 0
1447, 1
1448, 0
1449, 1
1450, 0
1451, 0
1452, 0
1453, 0
1454, 0
1455, 0
1456, 1
1457, 1
1458, 1
1459, 0
1460, 1
1461, 0
1462, 1
1463, 0
1464, 1
1465, 1
1466, 0
1467, 0
1468, 0
1469, 0
1470, 1
1471, 0
1472, 0
1473, 1
1474, 0
1475, 0
1476, 0
1477, 0
1478, 0
1479, 1
1480, 1
1481, 0
1482, 0
1483, 0
1484, 0
1485, 1
1486, 1
1487, 1
1488, 1
1489, 1
1490, 0
1491, 1
1492, 1
1493, 0
1494, 0
1495, 1
1496, 0
1497, 1
1498, 1
1499, 1
1500, 1
1501, 1
1502, 0
1503, 0
1504, 1
1505, 0
1506, 0
1507, 0
1508, 1
1509, 1
1510, 0
1511, 1
1512, 1
1513, 0
1514, 1
1515, 1
1516, 0
1517, 0
1518, 1
1519, 0
1520, 0
1521, 1
1522, 0
1523, 1
1524, 0
1525, 1
1526, 1
1527, 1
1528, 0
1529, 1
1530, 1
1531, 0
1532, 0
1533, 1
1534, 0
1535, 1
1536, 1
1537, 0
1538, 1
1539, 0
1540, 0
1541, 0
1542, 1
1543, 0
1544, 1
1545, 1
1546, 1
1547, 1
1548, 1
1549, 0
1550, 0
1551, 0
1552, 1
1553, 1
1554, 1
1555, 1
1556, 0
1557, 1
1558, 1
1559, 1
1560, 0
1561, 0
1562, 0
1563, 1
1564, 0
1565, 0
1566, 0
1567, 0
1568, 1
1569, 1
1570, 0
1571, 1
1572, 0
1573, 1
1574, 1
1575, 1
1576, 1
1577, 0
1578, 1
1579, 1
1580, 1
1581, 0
1582, 0
1583, 0
1584, 0
1585, 0
1586, 0
1587, 1
1588, 0
1589, 0
1590, 0
1591, 1
1592, 0
1593, 0
1594, 0
1595, 1
1596, 0
1597, 0
1598, 1
1599, 0
1600, 0
1601, 0
1602, 1
1603, 1
1604, 0
1605, 1
1606, 0
1607, 1
1608, 1
1609, 0
1610, 0
1611, 0
1612, 0
1613, 1
1614, 0
1615, 1
1616, 0
1617, 1
1618, 1
1619, 1
1620, 0
1621, 0
1622, 1
1623, 0
1624, 1
1625, 1
1626, 0
1627, 0
1628, 1
1629, 0
1630, 0
1631, 0
1632, 0
1633, 0
1634, 0
1635, 1
1636, 1
1637, 1
1638, 0
1639, 0
1640, 0
1641, 1
1642, 1
1643, 1
1644, 0
1645, 0
1646, 0
1647, 0
1648, 0
1649, 1
1650, 0
1651, 0
1652, 0
1653, 0
1654, 1
1655, 1
1656, 0
1657, 1
1658, 1
1659, 1
1660, 0
1661, 1
1662, 0
1663, 0
1664, 0
1665, 0
1666, 0
1667, 1
1668, 0
1669, 1
1670, 0
1671, 1
1672, 0
1673, 1
1674, 0
1675, 1
1676, 1
1677, 0
1678, 1
1679, 0
1680, 0
1681, 1
1682, 1
1683, 1
1684, 1
1685, 1
1686, 0
1687, 0
1688, 0
1689, 1
1690, 0
1691, 1
1692, 1
1693, 1
1694, 1
1695, 1
1696, 1
1697, 1
1698, 1
1699, 1
1700, 0
1701, 0
1702, 1
1703, 1
1704, 0
1705, 1
1706, 0
1707, 1
1708, 1
1709, 0
1710, 0
1711, 1
1712, 1
1713, 0
1714, 0
1715, 1
1716, 0
1717, 1
1718, 1
1719, 0
1720, 1
1721, 1
1722, 0
1723, 0
1724, 1
1725, 1
1726, 0
1727, 1
1728, 1
1729, 1
1730, 0
1731, 0
1732, 1
1733, 0
1734, 0
1735, 0
1736, 0
1737, 1
1738, 1
1739, 0
1740, 0
1741, 1
1742, 0
1743, 0
1744, 1
1745, 1
1746, 0
1747, 1
1748, 0
1749, 1
1750, 0
1751, 1
1752, 1
1753, 0
1754, 0
1755, 0
1756, 0
1757, 0
1758, 0
1759, 0
1760, 0
1761, 0
1762, 0
1763, 1
1764, 0
1765, 1
1766, 1
1767, 1
1768, 1
1769, 1
1770, 1
1771, 0
1772, 1
1773, 0
1774, 0
1775, 0
1776, 1
1777, 1
1778, 1
1779, 1
1780, 0
1781, 1
1782, 0
1783, 0
1784, 1
1785, 0
1786, 0
1787, 0
1788, 1
1789, 1
1790, 0
1791, 1
1792, 1
1793, 0
1794, 1
1795, 0
1796, 1
1797, 1
1798, 1
1799, 0
1800, 1
1801, 1
1802, 1
1803, 1
1804, 1
1805, 0
1806, 1
1807, 0
1808, 1
1809, 1
1810, 0
1811, 1
1812, 0
1813, 0
1814, 1
1815, 0
1816, 0
1817, 1
1818, 0
1819, 0
1820, 1
1821, 0
1822, 0
1823, 0
1824, 1
1825, 1
1826, 0
1827, 0
1828, 0
1829, 1
1830, 1
1831, 0
1832, 1
1833, 1
1834, 0
1835, 1
1836, 1
1837, 1
1838, 1
1839, 0
1840, 0
1841, 1
1842, 1
1843, 1
1844, 0
1845, 0
1846, 1
1847, 0
1848, 0
1849, 0
1850, 0
1851, 1
1852, 0
1853, 0
1854, 1
1855, 1
1856, 1
1857, 1
1858, 0
1859, 0
1860, 1
1861, 1
1862, 0
1863, 0
1864, 0
1865, 0
1866, 0
1867, 1
1868, 1
1869, 0
1870, 1
1871, 0
1872, 0
1873, 0
1874, 0
1875, 1
1876, 0
1877, 1
1878, 0
1879, 1
1880, 0
1881, 0
1882, 1
1883, 0
1884, 0
1885, 1
1886, 1
1887, 0
1888, 1
1889, 1
1890, 1
1891, 0
1892, 0
1893, 1
1894, 0
1895, 0
1896, 1
1897, 0
1898, 1
1899, 0
1900, 1
1901, 1
1902, 0
1903, 1
1904, 0
1905, 1
1906, 1
1907, 0
1908, 0
1909, 0
1910, 0
1911, 0
1912, 1
1913, 0
1914, 0
1915, 1
1916, 1
1917, 0
1918, 1
1919, 1
1920, 0
1921, 1
1922, 0
1923, 1
1924, 0
1925, 1
1926, 0
1927, 0
1928, 1
1929, 1
1930, 1
1931, 1
1932, 0
1933, 0
1934, 0
1935, 1
1936, 1
1937, 1
1938, 0
1939, 1
1940, 0
1941, 0
1942, 1
1943, 0
1944, 0
1945, 0
1946, 1
1947, 0
1948, 0
1949, 1
1950, 0
1951, 1
1952, 0
1953, 0
1954, 1
1955, 1
1956, 0
1957, 1
1958, 1
1959, 0
1960, 0
1961, 0
1962, 0
1963, 1
1964, 1
1965, 0
1966, 1
1967, 0
1968, 1
1969, 0
1970, 0
1971, 0
1972, 0
1973, 0
1974, 0
1975, 0
1976, 0
1977, 0
1978, 1
1979, 0
1980, 1
1981, 0
1982, 0
1983, 1
1984, 1
1985, 0
1986, 1
1987, 0
1988, 0
1989, 1
1990, 1
1991, 0
1992, 0
1993, 0
1994, 1
1995, 0
1996, 0
1997, 0
1998, 0
1999, 0
2000, 1
2001, 1
2002, 0
2003, 0
2004, 1
2005, 1
2006, 0
2007, 0
2008, 1
2009, 1
2010, 0
2011, 0
2012, 1
2013, 0
2014, 1
2015, 1
2016, 1
2017, 1
2018, 1
2019, 1
2020, 0
2021, 0
2022, 0
2023, 1
2024, 0
2025, 0
2026, 0
2027, 0
2028, 1
2029, 1
2030, 0
2031, 1
2032, 0
2033, 0
2034, 0
2035, 1
2036, 0
2037, 1
2038, 0
2039, 0
2040, 1
2041, 1
2042, 1
2043, 1
2044, 0
2045, 0
2046, 1
2047, 1
2048, 1
2049, 1
2050, 0
2051, 1
2052, 1
2053, 0
2054, 0
2055, 0
2056, 1
2057, 0
2058, 0
2059, 0
2060, 0
2061, 0
2062, 0
2063, 0
2064, 1
2065, 1
2066, 0
2067, 1
2068, 0
2069, 0
2070, 1
2071, 1
2072, 1
2073, 0
2074, 1
2075, 0
2076, 1
2077, 0
2078, 1
2079, 0
2080, 0
2081, 0
2082, 0
2083, 0
2084, 1
2085, 0
2086, 0
2087, 0
2088, 1
2089, 0
2090, 1
2091, 0
2092, 1
2093, 1
2094, 0
2095, 1
2096, 0
2097, 0
2098, 1
2099, 1
2100, 1
2101, 1
2102, 0
2103, 1
2104, 0
2105, 0
2106, 1
2107, 0
2108, 1
2109, 1
2110, 0
2111, 1
2112, 1
2113, 0
2114, 1
2115, 0
2116, 0
2117, 0
2118, 1
2119, 1
2120, 1
2121, 1
2122, 1
2123, 1
2124, 0
2125, 1
2126, 0
2127, 1
2128, 1
2129, 0
2130, 0
2131, 1
2132, 0
2133, 1
2134, 0
2135, 0
2136, 0
2137, 1
2138, 0
2139, 1
2140, 1
2141, 0
2142, 1
2143, 1
2144, 0
2145, 1
2146, 0
2147, 0
2148, 1
2149, 0
2150, 1
2151, 0
2152, 1
2153, 0
2154, 1
2155, 1
2156, 1
2157, 1
2158, 0
2159, 0
2160, 1
2161, 1
2162, 1
2163, 1
2164, 1
2165, 1
2166, 1
2167, 1
2168, 0
2169, 1
2170, 1
2171, 1
2172, 1
2173, 1
2174, 1
2175, 0
2176, 0
2177, 1
2178, 1
2179, 1
2180, 1
2181, 0
2182, 0
2183, 1
2184, 1
2185, 0
2186, 0
2187, 0
2188, 1
2189, 0
2190, 0
2191, 1
2192, 1
2193, 1
2194, 0
2195, 1
2196, 1
2197, 0
2198, 0
2199, 0
2200, 0
2201, 0
2202, 1
2203, 1
2204, 1
2205, 0
2206, 0
2207, 0
2208, 1
2209, 0
2210, 1
2211, 1
2212, 1
2213, 0
2214, 0
2215, 1
2216, 0
2217, 1
2218, 0
2219, 1
2220, 0
2221, 1
2222, 1
2223, 0
2224, 1
2225, 0
2226, 1
2227, 0
2228, 0
2229, 0
2230, 0
2231, 0
2232, 1
2233, 1
2234, 0
2235, 1
2236, 1
2237, 1
2238, 1
2239, 0
2240, 1
2241, 0
2242, 0
2243, 0
2244, 0
2245, 0
2246, 0
2247, 1
2248, 0
2249, 1
2250, 0
2251, 0
2252, 1
2253, 0
2254, 0
2255, 1
2256, 1
2257, 1
2258, 0
2259, 1
2260, 1
2261, 1
2262, 1
2263, 1
2264, 0
2265, 0
2266, 0
2267, 1
2268, 0
2269, 1
2270, 1
2271, 0
2272, 0
2273, 0
2274, 0
2275, 1
2276, 1
2277, 0
2278, 1
2279, 1
2280, 0
2281, 1
2282, 1
2283, 0
2284, 1
2285, 0
2286, 0
2287, 1
2288, 0
2289, 0
2290, 0
2291, 1
2292, 0
2293, 0
2294, 0
2295, 0
2296, 1
2297, 1
2298, 0
2299, 1
2300, 1
2301, 1
2302, 1
2303, 1
2304, 1
2305, 0
2306, 1
2307, 1
2308, 0
2309, 0
2310, 1
2311, 1
2312, 1
2313, 0
2314, 0
2315, 0
2316, 0
2317, 1
2318, 1
2319, 0
2320, 0
2321, 1
2322, 0
2323, 1
2324, 0
2325, 1
2326, 0
2327, 0
2328, 0
2329, 0
2330, 0
2331, 0
2332, 0
2333, 0
2334, 0
2335, 1
2336, 1
2337, 0
2338, 1
2339, 0
2340, 0
2341, 0
2342, 0
2343, 1
2344, 0
2345, 1
2346, 0
2347, 0
2348, 0
2349, 1
2350, 1
2351, 1
2352, 1
2353, 0
2354, 0
2355, 0
2356, 0
2357, 1
2358, 1
2359, 0
2360, 1
2361, 1
2362, 1
2363, 1
2364, 0
2365, 0
2366, 0
2367, 1
2368, 0
2369, 0
2370, 1
2371, 0
2372, 1
2373, 1
2374, 0
2375, 1
2376, 0
2377, 1
2378, 1
2379, 0
2380, 1
2381, 0
2382, 0
Confusion matrix [[1016,  214],
 [ 194,  959]]
Precision score: [0.83966942 0.81756181]
Recall score: [0.82601626 0.83174328]
F1 score: [0.83278689 0.82459157]
Accuracy score: 0.828787